Time,Threshold
0,500000000
1,491215228
2,482708936
3,474468089
4,466480452
5,458734526
6,451219514
7,443925237
8,436842109
9,429961090
10,423273659
11,416771755
12,410447765
13,404294479
14,398305086
15,392473120
16,386792456
17,381257276
18,375862070
19,370601591
20,365470854
21,360465116
22,355579869
23,350810812
24,346153848
25,341605071
26,337160752
27,332817338
28,328571430
29,324419780
30,320359282
31,316386970
32,312500001
33,308695654
34,304971319
35,301324504
36,297752810
37,294253940
38,290825688
39,287465940
40,284172663
41,280943902
42,277777777
43,274672489
44,271626298
45,268637533
46,265704586
47,262825904
48,260000000
49,257225434
50,254500820
51,251824817
52,249196142
53,246613547
54,244075830
55,241581832
56,239130435
57,236720555
58,234351146
59,232021196
60,229729730
61,227475801
62,225258494
63,223076923
64,220930232
65,218817592
66,216738198
67,214691271
68,212676056
69,210691824
70,208737865
71,206813490
72,204918033
73,203050847
74,201211306
75,199398798
76,197612732
77,195852534
78,194117647
79,192407528
80,190721649
81,189059501
82,187420585
83,185804417
84,184210526
85,182638457
86,181087763
87,179558011
88,178048781
89,176559660
90,175090253
91,173640167
92,172209026
93,170796460
94,169402110
95,168025626
96,166666667
97,165324899
98,164000000
99,162691652
100,161399549
101,160123387
102,158862876
103,157617728
104,156387665
105,155172413
106,153971708
107,152785289
108,151612903
109,150454303
110,149309245
111,148177496
112,147058823
113,145953003
114,144859813
115,143779039
116,142710472
117,141653905
118,140609137
119,139575971
120,138554217
121,137543684
122,136544190
123,135555555
124,134577603
125,133610161
126,132653061
127,131706138
128,130769230
129,129842181
130,128924833
131,128017037
132,127118644
133,126229508
134,125349487
135,124478442
136,123616236
137,122762735
138,121917808
139,121081326
140,120253164
141,119433198
142,118621307
143,117817371
144,117021276
145,116232907
146,115452151
147,114678898
148,113913043
149,113154478
150,112403100
151,111658808
152,110921501
153,110191082
154,109467455
155,108750526
156,108040200
157,107336390
158,106639004
159,105947955
160,105263157
161,104584527
162,103911980
163,103245436
164,102584814
165,101930036
166,101281024
167,100637704
168,99999999
169,99367838
170,98741148
171,98119859
172,97503900
173,96893203
174,96287703
175,95687331
176,95092024
177,94501718
178,93916349
179,93335857
180,92760181
181,92189260
182,91623036
183,91061452
184,90504451
185,89951976
186,89403973
187,88860388
188,88321167
189,87786259
190,87255611
191,86729174
192,86206896
193,85688729
194,85174625
195,84664536
196,84158415
197,83656217
198,83157894
199,82663404
200,82172701
201,81685744
202,81202487
203,80722891
204,80246913
205,79774513
206,79305649
207,78840284
208,78378378
209,77919892
210,77464788
211,77013030
212,76564580
213,76119402
214,75677462
215,75238722
216,74803149
217,74370709
218,73941368
219,73515092
220,73091849
221,72671608
222,72254335
223,71839999
224,71428571
225,71020018
226,70614312
227,70211422
228,69811320
229,69413976
230,69019362
231,68627450
232,68238213
233,67851622
234,67467652
235,67086275
236,66707466
237,66331198
238,65957446
239,65586185
240,65217391
241,64851038
242,64487102
243,64125560
244,63766388
245,63409563
246,63055062
247,62702862
248,62352940
249,62005276
250,61659847
251,61316632
252,60975609
253,60636758
254,60300057
255,59965487
256,59633027
257,59302657
258,58974358
259,58648111
260,58323895
261,58001693
262,57681485
263,57363253
264,57046979
265,56732645
266,56420233
267,56109725
268,55801104
269,55494353
270,55189456
271,54886394
272,54585152
273,54285714
274,53988062
275,53692182
276,53398058
277,53105673
278,52815013
279,52526062
280,52238805
281,51953228
282,51669316
283,51387053
284,51106427
285,50827423
286,50550025
287,50274222
288,49999999
289,49727343
290,49456240
291,49186676
292,48918640
293,48652117
294,48387096
295,48123563
296,47861506
297,47600913
298,47341772
299,47084069
300,46827794
301,46572934
302,46319479
303,46067415
304,45816732
305,45567419
306,45319464
307,45072857
308,44827585
309,44583640
310,44341009
311,44099682
312,43859648
313,43620898
314,43383422
315,43147207
316,42912246
317,42678528
318,42446042
319,42214780
320,41984732
321,41755888
322,41528238
323,41301774
324,41076486
325,40852366
326,40629403
327,40407589
328,40186915
329,39967373
330,39748953
331,39531648
332,39315448
333,39100345
334,38886332
335,38673398
336,38461538
337,38250741
338,38041002
339,37832310
340,37624659
341,37418041
342,37212448
343,37007873
344,36804308
345,36601745
346,36400178
347,36199598
348,35999999
349,35801374
350,35603714
351,35407014
352,35211267
353,35016465
354,34822601
355,34629669
356,34437663
357,34246575
358,34056398
359,33867128
360,33678756
361,33491276
362,33304683
363,33118970
364,32934131
365,32750159
366,32567049
367,32384794
368,32203389
369,32022827
370,31843103
371,31664211
372,31486145
373,31308900
374,31132469
375,30956847
376,30782029
377,30608009
378,30434782
379,30262342
380,30090683
381,29919802
382,29749692
383,29580347
384,29411764
385,29243936
386,29076860
387,28910529
388,28744938
389,28580084
390,28415961
391,28252563
392,28089887
393,27927927
394,27766679
395,27606138
396,27446300
397,27287159
398,27128712
399,26970954
400,26813879
401,26657485
402,26501766
403,26346718
404,26192337
405,26038618
406,25885558
407,25733151
408,25581395
409,25430283
410,25279814
411,25129982
412,24980783
413,24832214
414,24684270
415,24536948
416,24390243
417,24244152
418,24098671
419,23953796
420,23809523
421,23665849
422,23522769
423,23380281
424,23238380
425,23097063
426,22956326
427,22816166
428,22676579
429,22537562
430,22399111
431,22261222
432,22123893
433,21987120
434,21850899
435,21715227
436,21580102
437,21445518
438,21311475
439,21177967
440,21044992
441,20912547
442,20780628
443,20649233
444,20518358
445,20388000
446,20258156
447,20128824
448,19999999
449,19871680
450,19743863
451,19616545
452,19489723
453,19363394
454,19237556
455,19112206
456,18987341
457,18862958
458,18739053
459,18615626
460,18492672
461,18370189
462,18248174
463,18126625
464,18005539
465,17884914
466,17764746
467,17645033
468,17525772
469,17406962
470,17288599
471,17170681
472,17053205
473,16936169
474,16819571
475,16703408
476,16587677
477,16472376
478,16357503
479,16243056
480,16129031
481,16015428
482,15902242
483,15789473
484,15677117
485,15565173
486,15453638
487,15342510
488,15231787
489,15121467
490,15011547
491,14902025
492,14792899
493,14684166
494,14575826
495,14467876
496,14360312
497,14253135
498,14146341
499,14039928
500,13933894
501,13828238
502,13722957
503,13618049
504,13513513
505,13409346
506,13305546
507,13202112
508,13099041
509,12996331
510,12893982
511,12791990
512,12690355
513,12589073
514,12488143
515,12387564
516,12287334
517,12187450
518,12087911
519,11988716
520,11889861
521,11791347
522,11693170
523,11595330
524,11497824
525,11400651
526,11303808
527,11207295
528,11111110
529,11015251
530,10919716
531,10824504
532,10729613
533,10635041
534,10540787
535,10446850
536,10353227
537,10259917
538,10166919
539,10074230
540,9981850
541,9889777
542,9798009
543,9706545
544,9615384
545,9524523
546,9433961
547,9343698
548,9253730
549,9164058
550,9074679
551,8985592
552,8896796
553,8808289
554,8720070
555,8632137
556,8544489
557,8457125
558,8370043
559,8283242
560,8196720
561,8110477
562,8024510
563,7938819
564,7853402
565,7768258
566,7683386
567,7598783
568,7514450
569,7430384
570,7346585
571,7263051
572,7179781
573,7096773
574,7014027
575,6931541
576,6849314
577,6767345
578,6685632
579,6604175
580,6522971
581,6442021
582,6361322
583,6280874
584,6200676
585,6120725
586,6041022
587,5961565
588,5882352
589,5803383
590,5724657
591,5646172
592,5567928
593,5489923
594,5412156
595,5334626
596,5257332
597,5180273
598,5103447
599,5026855
600,4950494
601,4874364
602,4798464
603,4722792
604,4647347
605,4572130
606,4497137
607,4422370
608,4347825
609,4273503
610,4199403
611,4125523
612,4051863
613,3978421
614,3905197
615,3832190
616,3759398
617,3686820
618,3614457
619,3542306
620,3470368
621,3398640
622,3327122
623,3255813
624,3184712
625,3113819
626,3043132
627,2972651
628,2902374
629,2832301
630,2762430
631,2692761
632,2623294
633,2554027
634,2484959
635,2416089
636,2347417
637,2278942
638,2210662
639,2142578
640,2074688
641,2006991
642,1939487
643,1872175
644,1805053
645,1738122
646,1671380
647,1604826
648,1538461
649,1472282
650,1406289
651,1340482
652,1274859
653,1209420
654,1144164
655,1079090
656,1014198
657,949486
658,884955
659,820603
660,756429
661,692433
662,628614
663,564971
664,501504
665,438211
666,375093
667,312148
668,249376
669,186775
670,124346
671,62088
672,0
