Time,Threshold
0,500000008
1,485809452
2,472363240
3,459604303
4,447481262
5,435947725
6,424961730
7,414485182
8,404483449
9,394924960
10,385780901
11,377024885
12,368632725
13,360582198
14,352852868
15,345425884
16,338283846
17,331410659
18,324791433
19,318412343
20,312260553
21,306324124
22,300591949
23,295053661
24,289699587
25,284520685
26,279508494
27,274655099
28,269953067
29,265395426
30,260975623
31,256687504
32,252525267
33,248483450
34,244556897
35,240740754
36,237030426
37,233421570
38,229910079
39,226492070
40,223163855
41,219921943
42,216763018
43,213683937
44,210681709
45,207753492
46,204896583
47,202108407
48,199386516
49,196728572
50,194132348
51,191595717
52,189116654
53,186693220
54,184323563
55,182005911
56,179738574
57,177519929
58,175348424
59,173222572
60,171140951
61,169102192
62,167104986
63,165148074
64,163230251
65,161350356
66,159507276
67,157699938
68,155927313
69,154188412
70,152482280
71,150808000
72,149164688
73,147551493
74,145967595
75,144412202
76,142884551
77,141383909
78,139909563
79,138460830
80,137037046
81,135637575
82,134261797
83,132909117
84,131578956
85,130270759
86,128983985
87,127718112
88,126472636
89,125247065
90,124040929
91,122853769
92,121685138
93,120534607
94,119401760
95,118286191
96,117187509
97,116105331
98,115039290
99,113989027
100,112954195
101,111934455
102,110929480
103,109938952
104,108962562
105,108000008
106,107050999
107,106115251
108,105192488
109,104282441
110,103384849
111,102499459
112,101626024
113,100764302
114,99914060
115,99075069
116,98247109
117,97429963
118,96623420
119,95827275
120,95041329
121,94265387
122,93499259
123,92742760
124,91995709
125,91257931
126,90529254
127,89809511
128,89098539
129,88396178
130,87702272
131,87016670
132,86339224
133,85669788
134,85008223
135,84354389
136,83708152
137,83069381
138,82437946
139,81813722
140,81196587
141,80586420
142,79983104
143,79386524
144,78796567
145,78213125
146,77636090
147,77065357
148,76500823
149,75942388
150,75389954
151,74843424
152,74302703
153,73767701
154,73238327
155,72714492
156,72196110
157,71683096
158,71175368
159,70672844
160,70175444
161,69683090
162,69195707
163,68713219
164,68235552
165,67762635
166,67294398
167,66830771
168,66371686
169,65917078
170,65466880
171,65021030
172,64579464
173,64142120
174,63708939
175,63279862
176,62854830
177,62433787
178,62016676
179,61603443
180,61194035
181,60788396
182,60386478
183,59988228
184,59593596
185,59202533
186,58814991
187,58430923
188,58050283
189,57673023
190,57299101
191,56928471
192,56561090
193,56196916
194,55835907
195,55478022
196,55123221
197,54771463
198,54422710
199,54076924
200,53734066
201,53394100
202,53056989
203,52722698
204,52391191
205,52062434
206,51736392
207,51413033
208,51092322
209,50774229
210,50458719
211,50145764
212,49835330
213,49527389
214,49221911
215,48918865
216,48618223
217,48319956
218,48024037
219,47730437
220,47439130
221,47150089
222,46863288
223,46578700
224,46296300
225,46016063
226,45737964
227,45461979
228,45188083
229,44916254
230,44646468
231,44378701
232,44112932
233,43849138
234,43587297
235,43327388
236,43069388
237,42813278
238,42559037
239,42306643
240,42056078
241,41807321
242,41560353
243,41315154
244,41071706
245,40829990
246,40589987
247,40351680
248,40115050
249,39880080
250,39646752
251,39415050
252,39184956
253,38956453
254,38729526
255,38504158
256,38280333
257,38058034
258,37837248
259,37617957
260,37400148
261,37183805
262,36968913
263,36755458
264,36543425
265,36332800
266,36123570
267,35915720
268,35709238
269,35504108
270,35300319
271,35097856
272,34896708
273,34696861
274,34498304
275,34301022
276,34105005
277,33910239
278,33716714
279,33524416
280,33333336
281,33143460
282,32954778
283,32767279
284,32580951
285,32395783
286,32211765
287,32028886
288,31847136
289,31666504
290,31486979
291,31308552
292,31131212
293,30954950
294,30779756
295,30605620
296,30432533
297,30260484
298,30089466
299,29919468
300,29750482
301,29582498
302,29415508
303,29249503
304,29084473
305,28920412
306,28757309
307,28595157
308,28433948
309,28273672
310,28114323
311,27955892
312,27798371
313,27641753
314,27486029
315,27331192
316,27177234
317,27024148
318,26871928
319,26720564
320,26570050
321,26420379
322,26271544
323,26123538
324,25976354
325,25829985
326,25684425
327,25539666
328,25395702
329,25252527
330,25110134
331,24968516
332,24827668
333,24687584
334,24548256
335,24409679
336,24271846
337,24134753
338,23998392
339,23862759
340,23727846
341,23593649
342,23460162
343,23327379
344,23195295
345,23063903
346,22933200
347,22803179
348,22673834
349,22545162
350,22417155
351,22289811
352,22163122
353,22037084
354,21911693
355,21786943
356,21662829
357,21539347
358,21416491
359,21294257
360,21172640
361,21051635
362,20931239
363,20811446
364,20692251
365,20573651
366,20455641
367,20338216
368,20221372
369,20105105
370,19989411
371,19874285
372,19759723
373,19645721
374,19532275
375,19419381
376,19307035
377,19195233
378,19083971
379,18973244
380,18863050
381,18753385
382,18644243
383,18535623
384,18427520
385,18319930
386,18212849
387,18106275
388,18000204
389,17894631
390,17789554
391,17684969
392,17580873
393,17477262
394,17374132
395,17271481
396,17169305
397,17067601
398,16966366
399,16865595
400,16765287
401,16665438
402,16566044
403,16467104
404,16368612
405,16270568
406,16172967
407,16075806
408,15979083
409,15882794
410,15786938
411,15691509
412,15596507
413,15501928
414,15407769
415,15314028
416,15220701
417,15127786
418,15035280
419,14943181
420,14851486
421,14760192
422,14669296
423,14578797
424,14488690
425,14398975
426,14309648
427,14220706
428,14132148
429,14043970
430,13956171
431,13868748
432,13781699
433,13695020
434,13608710
435,13522767
436,13437188
437,13351970
438,13267112
439,13182611
440,13098465
441,13014672
442,12931229
443,12848135
444,12765386
445,12682982
446,12600919
447,12519197
448,12437812
449,12356762
450,12276046
451,12195661
452,12115605
453,12035877
454,11956475
455,11877395
456,11798637
457,11720199
458,11642077
459,11564272
460,11486780
461,11409600
462,11332729
463,11256167
464,11179911
465,11103959
466,11028310
467,10952961
468,10877912
469,10803159
470,10728702
471,10654539
472,10580667
473,10507086
474,10433793
475,10360787
476,10288066
477,10215629
478,10143473
479,10071597
480,10000000
481,9928680
482,9857635
483,9786864
484,9716365
485,9646137
486,9576177
487,9506485
488,9437059
489,9367898
490,9298999
491,9230362
492,9161984
493,9093865
494,9026003
495,8958397
496,8891045
497,8823945
498,8757097
499,8690498
500,8624148
501,8558045
502,8492187
503,8426574
504,8361204
505,8296076
506,8231187
507,8166538
508,8102127
509,8037951
510,7974011
511,7910304
512,7846830
513,7783587
514,7720574
515,7657790
516,7595233
517,7532902
518,7470796
519,7408914
520,7347255
521,7285816
522,7224598
523,7163599
524,7102818
525,7042254
526,6981905
527,6921770
528,6861848
529,6802139
530,6742640
531,6683351
532,6624271
533,6565399
534,6506733
535,6448273
536,6390017
537,6331964
538,6274113
539,6216464
540,6159015
541,6101764
542,6044712
543,5987857
544,5931198
545,5874734
546,5818464
547,5762387
548,5706502
549,5650808
550,5595304
551,5539989
552,5484862
553,5429922
554,5375169
555,5320600
556,5266216
557,5212016
558,5157998
559,5104161
560,5050505
561,4997029
562,4943731
563,4890612
564,4837669
565,4784903
566,4732312
567,4679895
568,4627652
569,4575581
570,4523683
571,4471955
572,4420397
573,4369009
574,4317789
575,4266737
576,4215851
577,4165132
578,4114578
579,4064188
580,4013961
581,3963898
582,3913996
583,3864256
584,3814676
585,3765256
586,3715994
587,3666891
588,3617945
589,3569155
590,3520522
591,3472043
592,3423719
593,3375549
594,3327531
595,3279666
596,3231952
597,3184389
598,3136975
599,3089711
600,3042596
601,2995629
602,2948808
603,2902135
604,2855607
605,2809224
606,2762986
607,2716891
608,2670940
609,2625131
610,2579464
611,2533938
612,2488552
613,2443307
614,2398200
615,2353232
616,2308402
617,2263710
618,2219153
619,2174733
620,2130449
621,2086299
622,2042283
623,1998401
624,1954652
625,1911035
626,1867550
627,1824196
628,1780972
629,1737879
630,1694915
631,1652080
632,1609373
633,1566793
634,1524341
635,1482015
636,1439815
637,1397741
638,1355791
639,1313966
640,1272264
641,1230686
642,1189230
643,1147896
644,1106684
645,1065593
646,1024622
647,983771
648,943040
649,902427
650,861933
651,821557
652,781298
653,741156
654,701131
655,661221
656,621426
657,581747
658,542181
659,502730
660,463392
661,424166
662,385053
663,346052
664,307163
665,268384
666,229716
667,191157
668,152709
669,114369
670,76138
671,38015
672,0
