Time,Threshold
0,1000000000
1,997916667
2,995833334
3,993750001
4,991666668
5,989583334
6,987500001
7,985416668
8,983333335
9,981250001
10,979166668
11,977083335
12,975000002
13,972916667
14,970833334
15,968750001
16,966666668
17,964583334
18,962500001
19,960416668
20,958333335
21,956250000
22,954166667
23,952083334
24,950000001
25,947916668
26,945833334
27,943750001
28,941666668
29,939583335
30,937500001
31,935416668
32,933333335
33,931250002
34,929166667
35,927083334
36,925000001
37,922916668
38,920833334
39,918750001
40,916666668
41,914583335
42,912500000
43,910416667
44,908333334
45,906250001
46,904166668
47,902083334
48,900000001
49,897916668
50,895833335
51,893750001
52,891666668
53,889583335
54,887500002
55,885416667
56,883333334
57,881250001
58,879166668
59,877083334
60,875000001
61,872916668
62,870833335
63,868750000
64,866666667
65,864583334
66,862500001
67,860416668
68,858333334
69,856250001
70,854166668
71,852083335
72,850000001
73,847916668
74,845833335
75,843750002
76,841666667
77,839583334
78,837500001
79,835416668
80,833333334
81,831250001
82,829166668
83,827083335
84,825000000
85,822916667
86,820833334
87,818750001
88,816666668
89,814583334
90,812500001
91,810416668
92,808333335
93,806250001
94,804166668
95,802083335
96,800000002
97,797916667
98,795833334
99,793750001
100,791666668
101,789583334
102,787500001
103,785416668
104,783333335
105,781250000
106,779166667
107,777083334
108,775000001
109,772916668
110,770833334
111,768750001
112,766666668
113,764583335
114,762500001
115,760416668
116,758333335
117,756250002
118,754166667
119,752083334
120,750000001
121,747916668
122,745833334
123,743750001
124,741666668
125,739583335
126,737500000
127,735416667
128,733333334
129,731250001
130,729166668
131,727083334
132,725000001
133,722916668
134,720833335
135,718750001
136,716666668
137,714583335
138,712500002
139,710416667
140,708333334
141,706250001
142,704166668
143,702083334
144,700000001
145,697916668
146,695833335
147,693750000
148,691666667
149,689583334
150,687500001
151,685416668
152,683333334
153,681250001
154,679166668
155,677083335
156,675000001
157,672916668
158,670833335
159,668750002
160,666666667
161,664583334
162,662500001
163,660416668
164,658333334
165,656250001
166,654166668
167,652083335
168,650000000
169,647916667
170,645833334
171,643750001
172,641666668
173,639583334
174,637500001
175,635416668
176,633333335
177,631250001
178,629166668
179,627083335
180,625000002
181,622916667
182,620833334
183,618750001
184,616666668
185,614583334
186,612500001
187,610416668
188,608333335
189,606250000
190,604166667
191,602083334
192,600000001
193,597916668
194,595833334
195,593750001
196,591666668
197,589583335
198,587500001
199,585416668
200,583333335
201,581250002
202,579166667
203,577083334
204,575000001
205,572916668
206,570833334
207,568750001
208,566666668
209,564583335
210,562500000
211,560416667
212,558333334
213,556250001
214,554166668
215,552083334
216,550000001
217,547916668
218,545833335
219,543750001
220,541666668
221,539583335
222,537500002
223,535416667
224,533333334
225,531250001
226,529166668
227,527083334
228,525000001
229,522916668
230,520833335
231,518750000
232,516666667
233,514583334
234,512500001
235,510416668
236,508333334
237,506250001
238,504166668
239,502083335
240,500000000
241,500000000
242,500000000
243,500000000
244,500000000
245,500000000
246,500000000
247,500000000
248,500000000
249,500000000
250,500000000
251,500000000
252,500000000
253,500000000
254,500000000
255,500000000
256,500000000
257,500000000
258,500000000
259,500000000
260,500000000
261,500000000
262,500000000
263,500000000
264,500000000
265,500000000
266,500000000
267,500000000
268,500000000
269,500000000
270,500000000
271,500000000
272,500000000
273,500000000
274,500000000
275,500000000
276,500000000
277,500000000
278,500000000
279,500000000
280,500000000
281,500000000
282,500000000
283,500000000
284,500000000
285,500000000
286,500000000
287,500000000
288,500000000
289,500000000
290,500000000
291,500000000
292,500000000
293,500000000
294,500000000
295,500000000
296,500000000
297,500000000
298,500000000
299,500000000
300,500000000
301,500000000
302,500000000
303,500000000
304,500000000
305,500000000
306,500000000
307,500000000
308,500000000
309,500000000
310,500000000
311,500000000
312,500000000
313,500000000
314,500000000
315,500000000
316,500000000
317,500000000
318,500000000
319,500000000
320,500000000
321,500000000
322,500000000
323,500000000
324,500000000
325,500000000
326,500000000
327,500000000
328,500000000
329,500000000
330,500000000
331,500000000
332,500000000
333,500000000
334,500000000
335,500000000
336,500000000
337,500000000
338,500000000
339,500000000
340,500000000
341,500000000
342,500000000
343,500000000
344,500000000
345,500000000
346,500000000
347,500000000
348,500000000
349,500000000
350,500000000
351,500000000
352,500000000
353,500000000
354,500000000
355,500000000
356,500000000
357,500000000
358,500000000
359,500000000
360,500000000
361,500000000
362,500000000
363,500000000
364,500000000
365,500000000
366,500000000
367,500000000
368,500000000
369,500000000
370,500000000
371,500000000
372,500000000
373,500000000
374,500000000
375,500000000
376,500000000
377,500000000
378,500000000
379,500000000
380,500000000
381,500000000
382,500000000
383,500000000
384,500000000
385,500000000
386,500000000
387,500000000
388,500000000
389,500000000
390,500000000
391,500000000
392,500000000
393,500000000
394,500000000
395,500000000
396,500000000
397,500000000
398,500000000
399,500000000
400,500000000
401,500000000
402,500000000
403,500000000
404,500000000
405,500000000
406,500000000
407,500000000
408,500000000
409,500000000
410,500000000
411,500000000
412,500000000
413,500000000
414,500000000
415,500000000
416,500000000
417,500000000
418,500000000
419,500000000
420,500000000
421,500000000
422,500000000
423,500000000
424,500000000
425,500000000
426,500000000
427,500000000
428,500000000
429,500000000
430,500000000
431,500000000
432,500000000
433,500000000
434,500000000
435,500000000
436,500000000
437,500000000
438,500000000
439,500000000
440,500000000
441,500000000
442,500000000
443,500000000
444,500000000
445,500000000
446,500000000
447,500000000
448,500000000
449,500000000
450,500000000
451,500000000
452,500000000
453,500000000
454,500000000
455,500000000
456,500000000
457,500000000
458,500000000
459,500000000
460,500000000
461,500000000
462,500000000
463,500000000
464,500000000
465,500000000
466,500000000
467,500000000
468,500000000
469,500000000
470,500000000
471,500000000
472,500000000
473,500000000
474,500000000
475,500000000
476,500000000
477,500000000
478,500000000
479,500000000
480,500000000
481,500000000
482,500000000
483,500000000
484,500000000
485,500000000
486,500000000
487,500000000
488,500000000
489,500000000
490,500000000
491,500000000
492,500000000
493,500000000
494,500000000
495,500000000
496,500000000
497,500000000
498,500000000
499,500000000
500,500000000
501,500000000
502,500000000
503,500000000
504,500000000
505,500000000
506,500000000
507,500000000
508,500000000
509,500000000
510,500000000
511,500000000
512,500000000
513,500000000
514,500000000
515,500000000
516,500000000
517,500000000
518,500000000
519,500000000
520,500000000
521,500000000
522,500000000
523,500000000
524,500000000
525,500000000
526,500000000
527,500000000
528,500000000
529,500000000
530,500000000
531,500000000
532,500000000
533,500000000
534,500000000
535,500000000
536,500000000
537,500000000
538,500000000
539,500000000
540,500000000
541,500000000
542,500000000
543,500000000
544,500000000
545,500000000
546,500000000
547,500000000
548,500000000
549,500000000
550,500000000
551,500000000
552,500000000
553,500000000
554,500000000
555,500000000
556,500000000
557,500000000
558,500000000
559,500000000
560,500000000
561,500000000
562,500000000
563,500000000
564,500000000
565,500000000
566,500000000
567,500000000
568,500000000
569,500000000
570,500000000
571,500000000
572,500000000
573,500000000
574,500000000
575,500000000
576,500000000
577,500000000
578,500000000
579,500000000
580,500000000
581,500000000
582,500000000
583,500000000
584,500000000
585,500000000
586,500000000
587,500000000
588,500000000
589,500000000
590,500000000
591,500000000
592,500000000
593,500000000
594,500000000
595,500000000
596,500000000
597,500000000
598,500000000
599,500000000
600,500000000
601,500000000
602,500000000
603,500000000
604,500000000
605,500000000
606,500000000
607,500000000
608,500000000
609,500000000
610,500000000
611,500000000
612,500000000
613,500000000
614,500000000
615,500000000
616,500000000
617,500000000
618,500000000
619,500000000
620,500000000
621,500000000
622,500000000
623,500000000
624,500000000
625,500000000
626,500000000
627,500000000
628,500000000
629,500000000
630,500000000
631,500000000
632,500000000
633,500000000
634,500000000
635,500000000
636,500000000
637,500000000
638,500000000
639,500000000
640,500000000
641,500000000
642,500000000
643,500000000
644,500000000
645,500000000
646,500000000
647,500000000
648,500000000
649,500000000
650,500000000
651,500000000
652,500000000
653,500000000
654,500000000
655,500000000
656,500000000
657,500000000
658,500000000
659,500000000
660,500000000
661,500000000
662,500000000
663,500000000
664,500000000
665,500000000
666,500000000
667,500000000
668,500000000
669,500000000
670,500000000
671,500000000
672,500000000
