Time,Threshold
0,1000000000
1,999255953
2,998511905
3,997767858
4,997023810
5,996279762
6,995535715
7,994791667
8,994047620
9,993303572
10,992559524
11,991815477
12,991071429
13,990327381
14,989583334
15,988839286
16,988095239
17,987351191
18,986607143
19,985863096
20,985119048
21,984375000
22,983630953
23,982886905
24,982142858
25,981398810
26,980654762
27,979910715
28,979166667
29,978422620
30,977678572
31,976934524
32,976190477
33,975446429
34,974702381
35,973958334
36,973214286
37,972470239
38,971726191
39,970982143
40,970238096
41,969494048
42,968750000
43,968005953
44,967261905
45,966517858
46,965773810
47,965029762
48,964285715
49,963541667
50,962797620
51,962053572
52,961309524
53,960565477
54,959821429
55,959077381
56,958333334
57,957589286
58,956845239
59,956101191
60,955357143
61,954613096
62,953869048
63,953125000
64,952380953
65,951636905
66,950892858
67,950148810
68,949404762
69,948660715
70,947916667
71,947172620
72,946428572
73,945684524
74,944940477
75,944196429
76,943452381
77,942708334
78,941964286
79,941220239
80,940476191
81,939732143
82,938988096
83,938244048
84,937500000
85,936755953
86,936011905
87,935267858
88,934523810
89,933779762
90,933035715
91,932291667
92,931547620
93,930803572
94,930059524
95,929315477
96,928571429
97,927827381
98,927083334
99,926339286
100,925595239
101,924851191
102,924107143
103,923363096
104,922619048
105,921875000
106,921130953
107,920386905
108,919642858
109,918898810
110,918154762
111,917410715
112,916666667
113,915922620
114,915178572
115,914434524
116,913690477
117,912946429
118,912202381
119,911458334
120,910714286
121,909970239
122,909226191
123,908482143
124,907738096
125,906994048
126,906250000
127,905505953
128,904761905
129,904017858
130,903273810
131,902529762
132,901785715
133,901041667
134,900297620
135,899553572
136,898809524
137,898065477
138,897321429
139,896577381
140,895833334
141,895089286
142,894345239
143,893601191
144,892857143
145,892113096
146,891369048
147,890625000
148,889880953
149,889136905
150,888392858
151,887648810
152,886904762
153,886160715
154,885416667
155,884672620
156,883928572
157,883184524
158,882440477
159,881696429
160,880952381
161,880208334
162,879464286
163,878720239
164,877976191
165,877232143
166,876488096
167,875744048
168,875000000
169,874255953
170,873511905
171,872767858
172,872023810
173,871279762
174,870535715
175,869791667
176,869047620
177,868303572
178,867559524
179,866815477
180,866071429
181,865327381
182,864583334
183,863839286
184,863095239
185,862351191
186,861607143
187,860863096
188,860119048
189,859375000
190,858630953
191,857886905
192,857142858
193,856398810
194,855654762
195,854910715
196,854166667
197,853422620
198,852678572
199,851934524
200,851190477
201,850446429
202,849702381
203,848958334
204,848214286
205,847470239
206,846726191
207,845982143
208,845238096
209,844494048
210,843750000
211,843005953
212,842261905
213,841517858
214,840773810
215,840029762
216,839285715
217,838541667
218,837797620
219,837053572
220,836309524
221,835565477
222,834821429
223,834077381
224,833333334
225,832589286
226,831845239
227,831101191
228,830357143
229,829613096
230,828869048
231,828125000
232,827380953
233,826636905
234,825892858
235,825148810
236,824404762
237,823660715
238,822916667
239,822172620
240,821428572
241,820684524
242,819940477
243,819196429
244,818452381
245,817708334
246,816964286
247,816220239
248,815476191
249,814732143
250,813988096
251,813244048
252,812500000
253,811755953
254,811011905
255,810267858
256,809523810
257,808779762
258,808035715
259,807291667
260,806547620
261,805803572
262,805059524
263,804315477
264,803571429
265,802827381
266,802083334
267,801339286
268,800595239
269,799851191
270,799107143
271,798363096
272,797619048
273,796875000
274,796130953
275,795386905
276,794642858
277,793898810
278,793154762
279,792410715
280,791666667
281,790922620
282,790178572
283,789434524
284,788690477
285,787946429
286,787202381
287,786458334
288,785714286
289,784970239
290,784226191
291,783482143
292,782738096
293,781994048
294,781250000
295,780505953
296,779761905
297,779017858
298,778273810
299,777529762
300,776785715
301,776041667
302,775297620
303,774553572
304,773809524
305,773065477
306,772321429
307,771577381
308,770833334
309,770089286
310,769345239
311,768601191
312,767857143
313,767113096
314,766369048
315,765625000
316,764880953
317,764136905
318,763392858
319,762648810
320,761904762
321,761160715
322,760416667
323,759672620
324,758928572
325,758184524
326,757440477
327,756696429
328,755952381
329,755208334
330,754464286
331,753720239
332,752976191
333,752232143
334,751488096
335,750744048
336,750000000
337,749255953
338,748511905
339,747767858
340,747023810
341,746279762
342,745535715
343,744791667
344,744047620
345,743303572
346,742559524
347,741815477
348,741071429
349,740327381
350,739583334
351,738839286
352,738095239
353,737351191
354,736607143
355,735863096
356,735119048
357,734375000
358,733630953
359,732886905
360,732142858
361,731398810
362,730654762
363,729910715
364,729166667
365,728422620
366,727678572
367,726934524
368,726190477
369,725446429
370,724702381
371,723958334
372,723214286
373,722470239
374,721726191
375,720982143
376,720238096
377,719494048
378,718750000
379,718005953
380,717261905
381,716517858
382,715773810
383,715029762
384,714285715
385,713541667
386,712797620
387,712053572
388,711309524
389,710565477
390,709821429
391,709077381
392,708333334
393,707589286
394,706845239
395,706101191
396,705357143
397,704613096
398,703869048
399,703125000
400,702380953
401,701636905
402,700892858
403,700148810
404,699404762
405,698660715
406,697916667
407,697172620
408,696428572
409,695684524
410,694940477
411,694196429
412,693452381
413,692708334
414,691964286
415,691220239
416,690476191
417,689732143
418,688988096
419,688244048
420,687500000
421,686755953
422,686011905
423,685267858
424,684523810
425,683779762
426,683035715
427,682291667
428,681547620
429,680803572
430,680059524
431,679315477
432,678571429
433,677827381
434,677083334
435,676339286
436,675595239
437,674851191
438,674107143
439,673363096
440,672619048
441,671875000
442,671130953
443,670386905
444,669642858
445,668898810
446,668154762
447,667410715
448,666666667
449,665922620
450,665178572
451,664434524
452,663690477
453,662946429
454,662202381
455,661458334
456,660714286
457,659970239
458,659226191
459,658482143
460,657738096
461,656994048
462,656250000
463,655505953
464,654761905
465,654017858
466,653273810
467,652529762
468,651785715
469,651041667
470,650297620
471,649553572
472,648809524
473,648065477
474,647321429
475,646577381
476,645833334
477,645089286
478,644345239
479,643601191
480,642857143
481,642113096
482,641369048
483,640625000
484,639880953
485,639136905
486,638392858
487,637648810
488,636904762
489,636160715
490,635416667
491,634672620
492,633928572
493,633184524
494,632440477
495,631696429
496,630952381
497,630208334
498,629464286
499,628720239
500,627976191
501,627232143
502,626488096
503,625744048
504,625000000
505,624255953
506,623511905
507,622767858
508,622023810
509,621279762
510,620535715
511,619791667
512,619047620
513,618303572
514,617559524
515,616815477
516,616071429
517,615327381
518,614583334
519,613839286
520,613095239
521,612351191
522,611607143
523,610863096
524,610119048
525,609375000
526,608630953
527,607886905
528,607142858
529,606398810
530,605654762
531,604910715
532,604166667
533,603422620
534,602678572
535,601934524
536,601190477
537,600446429
538,599702381
539,598958334
540,598214286
541,597470239
542,596726191
543,595982143
544,595238096
545,594494048
546,593750000
547,593005953
548,592261905
549,591517858
550,590773810
551,590029762
552,589285715
553,588541667
554,587797620
555,587053572
556,586309524
557,585565477
558,584821429
559,584077381
560,583333334
561,582589286
562,581845239
563,581101191
564,580357143
565,579613096
566,578869048
567,578125000
568,577380953
569,576636905
570,575892858
571,575148810
572,574404762
573,573660715
574,572916667
575,572172620
576,571428572
577,570684524
578,569940477
579,569196429
580,568452381
581,567708334
582,566964286
583,566220239
584,565476191
585,564732143
586,563988096
587,563244048
588,562500000
589,561755953
590,561011905
591,560267858
592,559523810
593,558779762
594,558035715
595,557291667
596,556547620
597,555803572
598,555059524
599,554315477
600,553571429
601,552827381
602,552083334
603,551339286
604,550595239
605,549851191
606,549107143
607,548363096
608,547619048
609,546875000
610,546130953
611,545386905
612,544642858
613,543898810
614,543154762
615,542410715
616,541666667
617,540922620
618,540178572
619,539434524
620,538690477
621,537946429
622,537202381
623,536458334
624,535714286
625,534970239
626,534226191
627,533482143
628,532738096
629,531994048
630,531250000
631,530505953
632,529761905
633,529017858
634,528273810
635,527529762
636,526785715
637,526041667
638,525297620
639,524553572
640,523809524
641,523065477
642,522321429
643,521577381
644,520833334
645,520089286
646,519345239
647,518601191
648,517857143
649,517113096
650,516369048
651,515625000
652,514880953
653,514136905
654,513392858
655,512648810
656,511904762
657,511160715
658,510416667
659,509672620
660,508928572
661,508184524
662,507440477
663,506696429
664,505952381
665,505208334
666,504464286
667,503720239
668,502976191
669,502232143
670,501488096
671,500744048
672,500000000
