Time,Threshold
0,500000038
1,422810379
2,366120266
3,322720742
4,288428371
5,260648719
6,237687395
7,218390834
8,201946501
9,187765525
10,175410725
11,164550680
12,154929598
13,146346895
14,138643083
15,131689733
16,125382279
17,119634716
18,114375668
19,109545391
20,105093501
21,100977209
22,97159951
23,93610280
24,90301014
25,87208529
26,84312199
27,81593937
28,79037810
29,76629732
30,74357200
31,72209088
32,70175447
33,68247365
34,66416830
35,64676624
36,63020221
37,61441710
38,59935722
39,58497372
40,57122204
41,55806144
42,54545460
43,53336731
44,52176808
45,51062796
46,49992020
47,48962010
48,47970485
49,47015325
50,46094566
51,45206381
52,44349075
53,43521062
54,42720867
55,41947111
56,41198506
57,40473844
58,39771995
59,39091898
60,38432558
61,37793039
62,37172460
63,36569991
64,35984852
65,35416306
66,34863656
67,34326245
68,33803451
69,33294686
70,32799393
71,32317044
72,31847137
73,31389198
74,30942774
75,30507438
76,30082781
77,29668415
78,29263970
79,28869094
80,28483451
81,28106723
82,27738602
83,27378797
84,27027029
85,26683033
86,26346554
87,26017347
88,25695180
89,25379829
90,25071080
91,24768728
92,24472576
93,24182435
94,23898125
95,23619471
96,23346306
97,23078469
98,22815806
99,22558169
100,22305415
101,22057405
102,21814009
103,21575098
104,21340549
105,21110244
106,20884069
107,20661914
108,20443673
109,20229243
110,20018524
111,19811422
112,19607845
113,19407702
114,19210908
115,19017380
116,18827037
117,18639800
118,18455595
119,18274348
120,18095989
121,17920449
122,17747662
123,17577564
124,17410092
125,17245186
126,17082787
127,16922839
128,16765287
129,16610077
130,16457158
131,16306479
132,16157990
133,16011646
134,15867399
135,15725205
136,15585021
137,15446804
138,15310512
139,15176107
140,15043548
141,14912799
142,14783823
143,14656583
144,14531045
145,14407175
146,14284939
147,14164307
148,14045246
149,13927726
150,13811717
151,13697191
152,13584118
153,13472472
154,13362226
155,13253353
156,13145828
157,13039626
158,12934723
159,12831096
160,12728720
161,12627574
162,12527635
163,12428883
164,12331295
165,12234852
166,12139533
167,12045320
168,11952192
169,11860131
170,11769120
171,11679139
172,11590172
173,11502202
174,11415212
175,11329185
176,11244107
177,11159960
178,11076731
179,10994403
180,10912963
181,10832396
182,10752689
183,10673827
184,10595797
185,10518586
186,10442182
187,10366571
188,10291742
189,10217682
190,10144379
191,10071822
192,10000001
193,9928902
194,9858516
195,9788833
196,9719840
197,9651529
198,9583890
199,9516912
200,9450585
201,9384901
202,9319850
203,9255422
204,9191610
205,9128404
206,9065795
207,9003776
208,8942338
209,8881472
210,8821171
211,8761427
212,8702233
213,8643580
214,8585461
215,8527870
216,8470798
217,8414240
218,8358187
219,8302634
220,8247573
221,8192999
222,8138904
223,8085283
224,8032129
225,7979436
226,7927198
227,7875409
228,7824065
229,7773157
230,7722683
231,7672634
232,7623008
233,7573797
234,7524998
235,7476604
236,7428611
237,7381013
238,7333807
239,7286986
240,7240547
241,7194485
242,7148795
243,7103472
244,7058513
245,7013913
246,6969667
247,6925772
248,6882223
249,6839016
250,6796148
251,6753614
252,6711409
253,6669532
254,6627977
255,6586741
256,6545821
257,6505212
258,6464912
259,6424916
260,6385221
261,6345824
262,6306722
263,6267911
264,6229388
265,6191150
266,6153193
267,6115515
268,6078113
269,6040983
270,6004122
271,5967528
272,5931198
273,5895129
274,5859317
275,5823762
276,5788458
277,5753405
278,5718598
279,5684037
280,5649718
281,5615638
282,5581795
283,5548186
284,5514810
285,5481664
286,5448745
287,5416051
288,5383580
289,5351329
290,5319297
291,5287481
292,5255878
293,5224487
294,5193306
295,5162333
296,5131565
297,5101000
298,5070636
299,5040472
300,5010506
301,4980735
302,4951157
303,4921772
304,4892576
305,4863568
306,4834747
307,4806110
308,4777655
309,4749382
310,4721287
311,4693371
312,4665630
313,4638063
314,4610669
315,4583446
316,4556392
317,4529505
318,4502785
319,4476230
320,4449838
321,4423608
322,4397537
323,4371626
324,4345871
325,4320273
326,4294829
327,4269538
328,4244398
329,4219409
330,4194569
331,4169876
332,4145330
333,4120929
334,4096672
335,4072557
336,4048583
337,4024749
338,4001054
339,3977496
340,3954075
341,3930789
342,3907637
343,3884618
344,3861731
345,3838974
346,3816347
347,3793848
348,3771476
349,3749231
350,3727110
351,3705114
352,3683241
353,3661490
354,3639860
355,3618349
356,3596958
357,3575685
358,3554529
359,3533489
360,3512564
361,3491753
362,3471056
363,3450470
364,3429997
365,3409633
366,3389380
367,3369235
368,3349198
369,3329268
370,3309444
371,3289725
372,3270111
373,3250600
374,3231193
375,3211887
376,3192682
377,3173578
378,3154574
379,3135668
380,3116861
381,3098150
382,3079537
383,3061019
384,3042596
385,3024268
386,3006033
387,2987891
388,2969841
389,2951883
390,2934016
391,2916238
392,2898550
393,2880951
394,2863440
395,2846017
396,2828680
397,2811429
398,2794264
399,2777184
400,2760188
401,2743276
402,2726446
403,2709699
404,2693034
405,2676450
406,2659946
407,2643523
408,2627179
409,2610914
410,2594727
411,2578618
412,2562586
413,2546630
414,2530751
415,2514947
416,2499219
417,2483564
418,2467984
419,2452477
420,2437043
421,2421681
422,2406391
423,2391172
424,2376025
425,2360947
426,2345940
427,2331002
428,2316133
429,2301332
430,2286599
431,2271934
432,2257336
433,2242804
434,2228339
435,2213939
436,2199604
437,2185335
438,2171129
439,2156988
440,2142909
441,2128894
442,2114942
443,2101052
444,2087224
445,2073457
446,2059751
447,2046105
448,2032520
449,2018994
450,2005528
451,1992121
452,1978773
453,1965482
454,1952250
455,1939075
456,1925957
457,1912896
458,1899891
459,1886942
460,1874049
461,1861211
462,1848428
463,1835700
464,1823026
465,1810405
466,1797839
467,1785325
468,1772864
469,1760456
470,1748100
471,1735796
472,1723543
473,1711342
474,1699191
475,1687091
476,1675041
477,1663042
478,1651091
479,1639191
480,1627339
481,1615536
482,1603781
483,1592075
484,1580416
485,1568805
486,1557241
487,1545724
488,1534253
489,1522829
490,1511452
491,1500120
492,1488833
493,1477592
494,1466396
495,1455245
496,1444138
497,1433075
498,1422056
499,1411081
500,1400149
501,1389261
502,1378415
503,1367612
504,1356852
505,1346133
506,1335457
507,1324822
508,1314228
509,1303676
510,1293165
511,1282694
512,1272264
513,1261874
514,1251524
515,1241214
516,1230944
517,1220712
518,1210520
519,1200367
520,1190252
521,1180176
522,1170138
523,1160137
524,1150175
525,1140250
526,1130363
527,1120513
528,1110699
529,1100923
530,1091182
531,1081479
532,1071811
533,1062179
534,1052583
535,1043022
536,1033497
537,1024007
538,1014551
539,1005131
540,995745
541,986393
542,977076
543,967792
544,958542
545,949326
546,940144
547,930994
548,921878
549,912794
550,903743
551,894725
552,885739
553,876785
554,867863
555,858973
556,850115
557,841288
558,832493
559,823729
560,814995
561,806293
562,797621
563,788980
564,780369
565,771788
566,763237
567,754716
568,746225
569,737764
570,729331
571,720928
572,712555
573,704210
574,695894
575,687606
576,679347
577,671117
578,662914
579,654740
580,646594
581,638475
582,630384
583,622320
584,614284
585,606275
586,598294
587,590339
588,582411
589,574509
590,566634
591,558786
592,550964
593,543167
594,535397
595,527653
596,519935
597,512242
598,504575
599,496933
600,489316
601,481724
602,474158
603,466616
604,459099
605,451607
606,444139
607,436695
608,429276
609,421881
610,414510
611,407163
612,399839
613,392540
614,385264
615,378011
616,370782
617,363576
618,356393
619,349233
620,342096
621,334981
622,327890
623,320821
624,313774
625,306750
626,299748
627,292768
628,285810
629,278874
630,271960
631,265068
632,258197
633,251348
634,244520
635,237714
636,230928
637,224164
638,217421
639,210699
640,203998
641,197317
642,190657
643,184018
644,177399
645,170800
646,164222
647,157663
648,151125
649,144607
650,138109
651,131630
652,125171
653,118732
654,112313
655,105912
656,99532
657,93170
658,86827
659,80504
660,74200
661,67914
662,61648
663,55400
664,49171
665,42960
666,36768
667,30594
668,24439
669,18302
670,12183
671,6082
672,0
