Time,Threshold
0,1000000000
1,998774510
2,997549020
3,996323530
4,995098040
5,993872550
6,992647060
7,991421570
8,990196080
9,988970589
10,987745099
11,986519609
12,985294119
13,984068628
14,982843138
15,981617648
16,980392158
17,979166667
18,977941177
19,976715687
20,975490197
21,974264706
22,973039216
23,971813726
24,970588236
25,969362746
26,968137256
27,966911766
28,965686276
29,964460786
30,963235295
31,962009805
32,960784315
33,959558825
34,958333334
35,957107844
36,955882354
37,954656864
38,953431373
39,952205883
40,950980393
41,949754903
42,948529412
43,947303922
44,946078432
45,944852942
46,943627452
47,942401961
48,941176471
49,939950981
50,938725491
51,937500001
52,936274511
53,935049021
54,933823531
55,932598040
56,931372550
57,930147060
58,928921570
59,927696079
60,926470589
61,925245099
62,924019609
63,922794118
64,921568628
65,920343138
66,919117648
67,917892158
68,916666667
69,915441177
70,914215687
71,912990197
72,911764706
73,910539216
74,909313726
75,908088236
76,906862746
77,905637256
78,904411766
79,903186276
80,901960785
81,900735295
82,899509805
83,898284315
84,897058824
85,895833334
86,894607844
87,893382354
88,892156864
89,890931373
90,889705883
91,888480393
92,887254903
93,886029412
94,884803922
95,883578432
96,882352942
97,881127452
98,879901962
99,878676472
100,877450982
101,876225491
102,875000001
103,873774511
104,872549021
105,871323530
106,870098040
107,868872550
108,867647060
109,866421570
110,865196079
111,863970589
112,862745099
113,861519609
114,860294118
115,859068628
116,857843138
117,856617648
118,855392157
119,854166667
120,852941177
121,851715687
122,850490197
123,849264707
124,848039217
125,846813727
126,845588236
127,844362746
128,843137256
129,841911766
130,840686276
131,839460785
132,838235295
133,837009805
134,835784315
135,834558824
136,833333334
137,832107844
138,830882354
139,829656863
140,828431373
141,827205883
142,825980393
143,824754902
144,823529412
145,822303922
146,821078432
147,819852942
148,818627452
149,817401962
150,816176472
151,814950982
152,813725491
153,812500001
154,811274511
155,810049021
156,808823530
157,807598040
158,806372550
159,805147060
160,803921569
161,802696079
162,801470589
163,800245099
164,799019608
165,797794118
166,796568628
167,795343138
168,794117648
169,792892158
170,791666668
171,790441178
172,789215688
173,787990197
174,786764707
175,785539217
176,784313727
177,783088236
178,781862746
179,780637256
180,779411766
181,778186275
182,776960785
183,775735295
184,774509805
185,773284314
186,772058824
187,770833334
188,769607844
189,768382353
190,767156863
191,765931373
192,764705883
193,763480393
194,762254903
195,761029413
196,759803923
197,758578433
198,757352942
199,756127452
200,754901962
201,753676472
202,752450981
203,751225491
204,750000001
205,748774511
206,747549020
207,746323530
208,745098040
209,743872550
210,742647059
211,741421569
212,740196079
213,738970589
214,737745099
215,736519608
216,735294118
217,734068628
218,732843138
219,731617648
220,730392158
221,729166668
222,727941178
223,726715687
224,725490197
225,724264707
226,723039217
227,721813726
228,720588236
229,719362746
230,718137256
231,716911765
232,715686275
233,714460785
234,713235295
235,712009805
236,710784314
237,709558824
238,708333334
239,707107844
240,705882353
241,704656863
242,703431373
243,702205883
244,700980393
245,699754903
246,698529413
247,697303923
248,696078432
249,694852942
250,693627452
251,692401962
252,691176471
253,689950981
254,688725491
255,687500001
256,686274511
257,685049020
258,683823530
259,682598040
260,681372550
261,680147059
262,678921569
263,677696079
264,676470589
265,675245099
266,674019609
267,672794119
268,671568629
269,670343138
270,669117648
271,667892158
272,666666668
273,665441177
274,664215687
275,662990197
276,661764707
277,660539217
278,659313726
279,658088236
280,656862746
281,655637256
282,654411765
283,653186275
284,651960785
285,650735295
286,649509804
287,648284314
288,647058824
289,645833334
290,644607844
291,643382354
292,642156864
293,640931374
294,639705883
295,638480393
296,637254903
297,636029413
298,634803923
299,633578432
300,632352942
301,631127452
302,629901962
303,628676471
304,627450981
305,626225491
306,625000001
307,623774510
308,622549020
309,621323530
310,620098040
311,618872549
312,617647059
313,616421569
314,615196079
315,613970589
316,612745099
317,611519609
318,610294119
319,609068629
320,607843138
321,606617648
322,605392158
323,604166668
324,602941177
325,601715687
326,600490197
327,599264707
328,598039216
329,596813726
330,595588236
331,594362746
332,593137255
333,591911765
334,590686275
335,589460785
336,588235295
337,587009805
338,585784315
339,584558825
340,583333335
341,582107844
342,580882354
343,579656864
344,578431374
345,577205883
346,575980393
347,574754903
348,573529413
349,572303922
350,571078432
351,569852942
352,568627452
353,567401961
354,566176471
355,564950981
356,563725491
357,562500000
358,561274510
359,560049020
360,558823530
361,557598040
362,556372550
363,555147060
364,553921570
365,552696080
366,551470589
367,550245099
368,549019609
369,547794119
370,546568628
371,545343138
372,544117648
373,542892158
374,541666667
375,540441177
376,539215687
377,537990197
378,536764706
379,535539216
380,534313726
381,533088236
382,531862746
383,530637255
384,529411765
385,528186275
386,526960785
387,525735295
388,524509805
389,523284315
390,522058825
391,520833334
392,519607844
393,518382354
394,517156864
395,515931373
396,514705883
397,513480393
398,512254903
399,511029412
400,509803922
401,508578432
402,507352942
403,506127452
404,504901961
405,503676471
406,502450981
407,501225491
408,500000000
409,500000000
410,500000000
411,500000000
412,500000000
413,500000000
414,500000000
415,500000000
416,500000000
417,500000000
418,500000000
419,500000000
420,500000000
421,500000000
422,500000000
423,500000000
424,500000000
425,500000000
426,500000000
427,500000000
428,500000000
429,500000000
430,500000000
431,500000000
432,500000000
433,500000000
434,500000000
435,500000000
436,500000000
437,500000000
438,500000000
439,500000000
440,500000000
441,500000000
442,500000000
443,500000000
444,500000000
445,500000000
446,500000000
447,500000000
448,500000000
449,500000000
450,500000000
451,500000000
452,500000000
453,500000000
454,500000000
455,500000000
456,500000000
457,500000000
458,500000000
459,500000000
460,500000000
461,500000000
462,500000000
463,500000000
464,500000000
465,500000000
466,500000000
467,500000000
468,500000000
469,500000000
470,500000000
471,500000000
472,500000000
473,500000000
474,500000000
475,500000000
476,500000000
477,500000000
478,500000000
479,500000000
480,500000000
481,500000000
482,500000000
483,500000000
484,500000000
485,500000000
486,500000000
487,500000000
488,500000000
489,500000000
490,500000000
491,500000000
492,500000000
493,500000000
494,500000000
495,500000000
496,500000000
497,500000000
498,500000000
499,500000000
500,500000000
501,500000000
502,500000000
503,500000000
504,500000000
505,500000000
506,500000000
507,500000000
508,500000000
509,500000000
510,500000000
511,500000000
512,500000000
513,500000000
514,500000000
515,500000000
516,500000000
517,500000000
518,500000000
519,500000000
520,500000000
521,500000000
522,500000000
523,500000000
524,500000000
525,500000000
526,500000000
527,500000000
528,500000000
529,500000000
530,500000000
531,500000000
532,500000000
533,500000000
534,500000000
535,500000000
536,500000000
537,500000000
538,500000000
539,500000000
540,500000000
541,500000000
542,500000000
543,500000000
544,500000000
545,500000000
546,500000000
547,500000000
548,500000000
549,500000000
550,500000000
551,500000000
552,500000000
553,500000000
554,500000000
555,500000000
556,500000000
557,500000000
558,500000000
559,500000000
560,500000000
561,500000000
562,500000000
563,500000000
564,500000000
565,500000000
566,500000000
567,500000000
568,500000000
569,500000000
570,500000000
571,500000000
572,500000000
573,500000000
574,500000000
575,500000000
576,500000000
577,500000000
578,500000000
579,500000000
580,500000000
581,500000000
582,500000000
583,500000000
584,500000000
585,500000000
586,500000000
587,500000000
588,500000000
589,500000000
590,500000000
591,500000000
592,500000000
593,500000000
594,500000000
595,500000000
596,500000000
597,500000000
598,500000000
599,500000000
600,500000000
601,500000000
602,500000000
603,500000000
604,500000000
605,500000000
606,500000000
607,500000000
608,500000000
609,500000000
610,500000000
611,500000000
612,500000000
613,500000000
614,500000000
615,500000000
616,500000000
617,500000000
618,500000000
619,500000000
620,500000000
621,500000000
622,500000000
623,500000000
624,500000000
625,500000000
626,500000000
627,500000000
628,500000000
629,500000000
630,500000000
631,500000000
632,500000000
633,500000000
634,500000000
635,500000000
636,500000000
637,500000000
638,500000000
639,500000000
640,500000000
641,500000000
642,500000000
643,500000000
644,500000000
645,500000000
646,500000000
647,500000000
648,500000000
649,500000000
650,500000000
651,500000000
652,500000000
653,500000000
654,500000000
655,500000000
656,500000000
657,500000000
658,500000000
659,500000000
660,500000000
661,500000000
662,500000000
663,500000000
664,500000000
665,500000000
666,500000000
667,500000000
668,500000000
669,500000000
670,500000000
671,500000000
672,500000000
