Time,Threshold
0,1000000000
1,999094204
2,998188407
3,997282610
4,996376813
5,995471015
6,994565218
7,993659421
8,992753624
9,991847827
10,990942030
11,990036233
12,989130436
13,988224638
14,987318841
15,986413044
16,985507247
17,984601450
18,983695653
19,982789856
20,981884059
21,980978261
22,980072464
23,979166667
24,978260870
25,977355074
26,976449276
27,975543479
28,974637682
29,973731885
30,972826088
31,971920291
32,971014494
33,970108697
34,969202899
35,968297102
36,967391305
37,966485508
38,965579711
39,964673914
40,963768117
41,962862320
42,961956522
43,961050725
44,960144928
45,959239131
46,958333334
47,957427537
48,956521740
49,955615943
50,954710146
51,953804348
52,952898551
53,951992754
54,951086958
55,950181160
56,949275363
57,948369566
58,947463769
59,946557972
60,945652175
61,944746378
62,943840581
63,942934783
64,942028986
65,941123189
66,940217392
67,939311595
68,938405798
69,937500001
70,936594204
71,935688407
72,934782609
73,933876812
74,932971015
75,932065218
76,931159421
77,930253624
78,929347827
79,928442030
80,927536232
81,926630435
82,925724638
83,924818842
84,923913044
85,923007247
86,922101450
87,921195653
88,920289856
89,919384059
90,918478262
91,917572465
92,916666668
93,915760870
94,914855073
95,913949276
96,913043479
97,912137682
98,911231885
99,910326088
100,909420291
101,908514493
102,907608696
103,906702899
104,905797102
105,904891305
106,903985508
107,903079711
108,902173914
109,901268117
110,900362319
111,899456522
112,898550725
113,897644929
114,896739131
115,895833334
116,894927537
117,894021740
118,893115943
119,892210146
120,891304349
121,890398552
122,889492754
123,888586957
124,887681160
125,886775363
126,885869566
127,884963769
128,884057972
129,883152175
130,882246378
131,881340580
132,880434783
133,879528986
134,878623189
135,877717392
136,876811595
137,875905798
138,875000001
139,874094203
140,873188406
141,872282609
142,871376813
143,870471015
144,869565218
145,868659421
146,867753624
147,866847827
148,865942030
149,865036233
150,864130436
151,863224639
152,862318841
153,861413044
154,860507247
155,859601450
156,858695653
157,857789856
158,856884059
159,855978262
160,855072464
161,854166667
162,853260870
163,852355073
164,851449276
165,850543479
166,849637682
167,848731885
168,847826087
169,846920290
170,846014493
171,845108697
172,844202900
173,843297102
174,842391305
175,841485508
176,840579711
177,839673914
178,838768117
179,837862320
180,836956523
181,836050725
182,835144928
183,834239131
184,833333334
185,832427537
186,831521740
187,830615943
188,829710146
189,828804348
190,827898551
191,826992754
192,826086957
193,825181160
194,824275363
195,823369566
196,822463769
197,821557972
198,820652174
199,819746377
200,818840580
201,817934784
202,817028986
203,816123189
204,815217392
205,814311595
206,813405798
207,812500001
208,811594204
209,810688407
210,809782609
211,808876812
212,807971015
213,807065218
214,806159421
215,805253624
216,804347827
217,803442030
218,802536233
219,801630435
220,800724638
221,799818841
222,798913044
223,798007247
224,797101450
225,796195653
226,795289856
227,794384058
228,793478261
229,792572464
230,791666668
231,790760870
232,789855073
233,788949276
234,788043479
235,787137682
236,786231885
237,785326088
238,784420291
239,783514494
240,782608696
241,781702899
242,780797102
243,779891305
244,778985508
245,778079711
246,777173914
247,776268117
248,775362319
249,774456522
250,773550725
251,772644928
252,771739131
253,770833334
254,769927537
255,769021740
256,768115943
257,767210145
258,766304348
259,765398552
260,764492755
261,763586957
262,762681160
263,761775363
264,760869566
265,759963769
266,759057972
267,758152175
268,757246378
269,756340580
270,755434783
271,754528986
272,753623189
273,752717392
274,751811595
275,750905798
276,750000001
277,749094204
278,748188406
279,747282609
280,746376812
281,745471015
282,744565218
283,743659421
284,742753624
285,741847827
286,740942029
287,740036232
288,739130435
289,738224639
290,737318841
291,736413044
292,735507247
293,734601450
294,733695653
295,732789856
296,731884059
297,730978262
298,730072465
299,729166667
300,728260870
301,727355073
302,726449276
303,725543479
304,724637682
305,723731885
306,722826088
307,721920290
308,721014493
309,720108696
310,719202899
311,718297102
312,717391305
313,716485508
314,715579711
315,714673913
316,713768116
317,712862319
318,711956523
319,711050726
320,710144928
321,709239131
322,708333334
323,707427537
324,706521740
325,705615943
326,704710146
327,703804349
328,702898551
329,701992754
330,701086957
331,700181160
332,699275363
333,698369566
334,697463769
335,696557972
336,695652174
337,694746377
338,693840580
339,692934783
340,692028986
341,691123189
342,690217392
343,689311595
344,688405798
345,687500000
346,686594203
347,685688407
348,684782610
349,683876812
350,682971015
351,682065218
352,681159421
353,680253624
354,679347827
355,678442030
356,677536233
357,676630435
358,675724638
359,674818841
360,673913044
361,673007247
362,672101450
363,671195653
364,670289856
365,669384059
366,668478261
367,667572464
368,666666667
369,665760870
370,664855073
371,663949276
372,663043479
373,662137682
374,661231884
375,660326087
376,659420290
377,658514494
378,657608696
379,656702899
380,655797102
381,654891305
382,653985508
383,653079711
384,652173914
385,651268117
386,650362320
387,649456522
388,648550725
389,647644928
390,646739131
391,645833334
392,644927537
393,644021740
394,643115943
395,642210145
396,641304348
397,640398551
398,639492754
399,638586957
400,637681160
401,636775363
402,635869566
403,634963769
404,634057971
405,633152174
406,632246378
407,631340581
408,630434783
409,629528986
410,628623189
411,627717392
412,626811595
413,625905798
414,625000001
415,624094204
416,623188406
417,622282609
418,621376812
419,620471015
420,619565218
421,618659421
422,617753624
423,616847827
424,615942030
425,615036232
426,614130435
427,613224638
428,612318841
429,611413044
430,610507247
431,609601450
432,608695653
433,607789855
434,606884058
435,605978262
436,605072465
437,604166667
438,603260870
439,602355073
440,601449276
441,600543479
442,599637682
443,598731885
444,597826088
445,596920291
446,596014493
447,595108696
448,594202899
449,593297102
450,592391305
451,591485508
452,590579711
453,589673914
454,588768116
455,587862319
456,586956522
457,586050725
458,585144928
459,584239131
460,583333334
461,582427537
462,581521739
463,580615942
464,579710145
465,578804349
466,577898552
467,576992754
468,576086957
469,575181160
470,574275363
471,573369566
472,572463769
473,571557972
474,570652175
475,569746377
476,568840580
477,567934783
478,567028986
479,566123189
480,565217392
481,564311595
482,563405798
483,562500000
484,561594203
485,560688406
486,559782609
487,558876812
488,557971015
489,557065218
490,556159421
491,555253624
492,554347826
493,553442029
494,552536233
495,551630436
496,550724638
497,549818841
498,548913044
499,548007247
500,547101450
501,546195653
502,545289856
503,544384059
504,543478261
505,542572464
506,541666667
507,540760870
508,539855073
509,538949276
510,538043479
511,537137682
512,536231885
513,535326087
514,534420290
515,533514493
516,532608696
517,531702899
518,530797102
519,529891305
520,528985508
521,528079710
522,527173913
523,526268117
524,525362320
525,524456522
526,523550725
527,522644928
528,521739131
529,520833334
530,519927537
531,519021740
532,518115943
533,517210146
534,516304348
535,515398551
536,514492754
537,513586957
538,512681160
539,511775363
540,510869566
541,509963769
542,509057971
543,508152174
544,507246377
545,506340580
546,505434783
547,504528986
548,503623189
549,502717392
550,501811595
551,500905797
552,500000000
553,500000000
554,500000000
555,500000000
556,500000000
557,500000000
558,500000000
559,500000000
560,500000000
561,500000000
562,500000000
563,500000000
564,500000000
565,500000000
566,500000000
567,500000000
568,500000000
569,500000000
570,500000000
571,500000000
572,500000000
573,500000000
574,500000000
575,500000000
576,500000000
577,500000000
578,500000000
579,500000000
580,500000000
581,500000000
582,500000000
583,500000000
584,500000000
585,500000000
586,500000000
587,500000000
588,500000000
589,500000000
590,500000000
591,500000000
592,500000000
593,500000000
594,500000000
595,500000000
596,500000000
597,500000000
598,500000000
599,500000000
600,500000000
601,500000000
602,500000000
603,500000000
604,500000000
605,500000000
606,500000000
607,500000000
608,500000000
609,500000000
610,500000000
611,500000000
612,500000000
613,500000000
614,500000000
615,500000000
616,500000000
617,500000000
618,500000000
619,500000000
620,500000000
621,500000000
622,500000000
623,500000000
624,500000000
625,500000000
626,500000000
627,500000000
628,500000000
629,500000000
630,500000000
631,500000000
632,500000000
633,500000000
634,500000000
635,500000000
636,500000000
637,500000000
638,500000000
639,500000000
640,500000000
641,500000000
642,500000000
643,500000000
644,500000000
645,500000000
646,500000000
647,500000000
648,500000000
649,500000000
650,500000000
651,500000000
652,500000000
653,500000000
654,500000000
655,500000000
656,500000000
657,500000000
658,500000000
659,500000000
660,500000000
661,500000000
662,500000000
663,500000000
664,500000000
665,500000000
666,500000000
667,500000000
668,500000000
669,500000000
670,500000000
671,500000000
672,500000000
