Time,Threshold
0,500000008
1,474037456
2,450571639
3,429258925
4,409815977
5,392007070
6,375634538
7,360531332
8,346555348
9,333584923
10,321515318
11,310255830
12,299727543
13,289861465
14,280597034
15,271880839
16,263665616
17,255909374
18,248574704
19,241628141
20,235039674
21,228782304
22,222831693
23,217165820
24,211764724
25,206610269
26,201685935
27,196976654
28,192468636
29,188149249
30,184006894
31,180030910
32,176211470
33,172539506
34,169006637
35,165605110
36,162327733
37,159167831
38,156119196
39,153176057
40,150333030
41,147585092
42,144927549
43,142356016
44,139866383
45,137454798
46,135117648
47,132851537
48,130653279
49,128519868
50,126448478
51,124436441
52,122481244
53,120580512
54,118732000
55,116933584
56,115183257
57,113479114
58,111819352
59,110202257
60,108626208
61,107089661
62,105591148
63,104129274
64,102702712
65,101310199
66,99950530
67,98622555
68,97325178
69,96057357
70,94818091
71,93606426
72,92421451
73,91262293
74,90128118
75,89018126
76,87931552
77,86867663
78,85825756
79,84805157
80,83805218
81,82825318
82,81864862
83,80923275
84,80000008
85,79094530
86,78206334
87,77334928
88,76479840
89,75640617
90,74816822
91,74008032
92,73213842
93,72433860
94,71667707
95,70915020
96,70175446
97,69448645
98,68734290
99,68032064
100,67341660
101,66662782
102,65995144
103,65338469
104,64692489
105,64056946
106,63431588
107,62816172
108,62210463
109,61614233
110,61027262
111,60449335
112,59880246
113,59319792
114,58767778
115,58224017
116,57688323
117,57160519
118,56640431
119,56127892
120,55622738
121,55124812
122,54633958
123,54150028
124,53672875
125,53202359
126,52738342
127,52280690
128,51829273
129,51383965
130,50944643
131,50511186
132,50083477
133,49661405
134,49244856
135,48833725
136,48427905
137,48027295
138,47631795
139,47241307
140,46855738
141,46474995
142,46098987
143,45727627
144,45360829
145,44998510
146,44640588
147,44286984
148,43937620
149,43592419
150,43251309
151,42914217
152,42581072
153,42251805
154,41926350
155,41604639
156,41286610
157,40972199
158,40661344
159,40353986
160,40050066
161,39749527
162,39452313
163,39158368
164,38867639
165,38580074
166,38295622
167,38014231
168,37735853
169,37460439
170,37187943
171,36918319
172,36651521
173,36387505
174,36126228
175,35867647
176,35611721
177,35358409
178,35107672
179,34859469
180,34613764
181,34370519
182,34129696
183,33891260
184,33655176
185,33421408
186,33189923
187,32960688
188,32733670
189,32508837
190,32286157
191,32065601
192,31847137
193,31630736
194,31416368
195,31204006
196,30993622
197,30785187
198,30578675
199,30374060
200,30171314
201,29970414
202,29771334
203,29574048
204,29378534
205,29184767
206,28992723
207,28802381
208,28613717
209,28426710
210,28241338
211,28057578
212,27875412
213,27694817
214,27515773
215,27338261
216,27162261
217,26987754
218,26814721
219,26643143
220,26473002
221,26304280
222,26136960
223,25971023
224,25806454
225,25643234
226,25481348
227,25320779
228,25161512
229,25003530
230,24846818
231,24691360
232,24537142
233,24384150
234,24232367
235,24081781
236,23932377
237,23784141
238,23637059
239,23491118
240,23346305
241,23202608
242,23060012
243,22918505
244,22778075
245,22638710
246,22500398
247,22363126
248,22226884
249,22091659
250,21957440
251,21824216
252,21691976
253,21560709
254,21430404
255,21301052
256,21172640
257,21045160
258,20918601
259,20792953
260,20668207
261,20544352
262,20421379
263,20299280
264,20178043
265,20057661
266,19938125
267,19819425
268,19701552
269,19584499
270,19468257
271,19352816
272,19238170
273,19124309
274,19011227
275,18898914
276,18787363
277,18676566
278,18566516
279,18457205
280,18348625
281,18240770
282,18133632
283,18027204
284,17921479
285,17816451
286,17712111
287,17608453
288,17505472
289,17403159
290,17301510
291,17200516
292,17100172
293,17000472
294,16901410
295,16802979
296,16705173
297,16607986
298,16511414
299,16415448
300,16320085
301,16225319
302,16131143
303,16037552
304,15944542
305,15852106
306,15760239
307,15668936
308,15578192
309,15488001
310,15398359
311,15309261
312,15220701
313,15132675
314,15045179
315,14958206
316,14871753
317,14785815
318,14700387
319,14615465
320,14531045
321,14447121
322,14363690
323,14280747
324,14198287
325,14116308
326,14034804
327,13953771
328,13873206
329,13793104
330,13713462
331,13634275
332,13555539
333,13477251
334,13399406
335,13322002
336,13245034
337,13168499
338,13092392
339,13016711
340,12941452
341,12866612
342,12792186
343,12718172
344,12644565
345,12571363
346,12498563
347,12426161
348,12354153
349,12282537
350,12211309
351,12140467
352,12070007
353,11999925
354,11930220
355,11860888
356,11791925
357,11723330
358,11655099
359,11587229
360,11519717
361,11452561
362,11385757
363,11319304
364,11253198
365,11187436
366,11122016
367,11056935
368,10992190
369,10927780
370,10863701
371,10799950
372,10736526
373,10673426
374,10610647
375,10548187
376,10486043
377,10424213
378,10362695
379,10301486
380,10240584
381,10179987
382,10119692
383,10059697
384,10000000
385,9940599
386,9881492
387,9822675
388,9764148
389,9705908
390,9647953
391,9590280
392,9532889
393,9475776
394,9418940
395,9362378
396,9306090
397,9250072
398,9194323
399,9138840
400,9083623
401,9028669
402,8973976
403,8919542
404,8865366
405,8811445
406,8757779
407,8704364
408,8651200
409,8598284
410,8545615
411,8493191
412,8441011
413,8389072
414,8337373
415,8285913
416,8234689
417,8183700
418,8132945
419,8082422
420,8032129
421,7982064
422,7932227
423,7882616
424,7833228
425,7784063
426,7735120
427,7686395
428,7637889
429,7589600
430,7541525
431,7493665
432,7446017
433,7398579
434,7351351
435,7304332
436,7257519
437,7210912
438,7164508
439,7118308
440,7072308
441,7026509
442,6980909
443,6935506
444,6890299
445,6845288
446,6800469
447,6755844
448,6711409
449,6667165
450,6623109
451,6579241
452,6535559
453,6492063
454,6448750
455,6405620
456,6362672
457,6319905
458,6277317
459,6234907
460,6192674
461,6150617
462,6108735
463,6067028
464,6025492
465,5984129
466,5942936
467,5901913
468,5861058
469,5820371
470,5779851
471,5739495
472,5699305
473,5659277
474,5619412
475,5579709
476,5540166
477,5500783
478,5461558
479,5422491
480,5383580
481,5344825
482,5306225
483,5267779
484,5229485
485,5191344
486,5153354
487,5115514
488,5077823
489,5040281
490,5002886
491,4965638
492,4928536
493,4891579
494,4854766
495,4818096
496,4781569
497,4745183
498,4708939
499,4672834
500,4636868
501,4601041
502,4565351
503,4529799
504,4494382
505,4459100
506,4423953
507,4388940
508,4354059
509,4319311
510,4284694
511,4250208
512,4215851
513,4181624
514,4147526
515,4113555
516,4079711
517,4045994
518,4012402
519,3978935
520,3945592
521,3912373
522,3879277
523,3846302
524,3813450
525,3780718
526,3748106
527,3715614
528,3683241
529,3650986
530,3618848
531,3586828
532,3554923
533,3523135
534,3491461
535,3459901
536,3428456
537,3397123
538,3365904
539,3334796
540,3303799
541,3272913
542,3242137
543,3211471
544,3180914
545,3150465
546,3120124
547,3089891
548,3059764
549,3029743
550,2999827
551,2970017
552,2940311
553,2910709
554,2881211
555,2851815
556,2822521
557,2793330
558,2764239
559,2735249
560,2706360
561,2677569
562,2648879
563,2620286
564,2591792
565,2563396
566,2535096
567,2506893
568,2478787
569,2450776
570,2422860
571,2395039
572,2367312
573,2339678
574,2312138
575,2284691
576,2257336
577,2230073
578,2202901
579,2175820
580,2148829
581,2121929
582,2095118
583,2068396
584,2041763
585,2015218
586,1988761
587,1962391
588,1936108
589,1909911
590,1883801
591,1857776
592,1831837
593,1805982
594,1780212
595,1754525
596,1728923
597,1703403
598,1677966
599,1652611
600,1627339
601,1602148
602,1577038
603,1552009
604,1527060
605,1502191
606,1477402
607,1452692
608,1428061
609,1403508
610,1379034
611,1354637
612,1330317
613,1306075
614,1281909
615,1257819
616,1233806
617,1209868
618,1186005
619,1162216
620,1138503
621,1114863
622,1091297
623,1067805
624,1044386
625,1021039
626,997765
627,974563
628,951433
629,928374
630,905386
631,882469
632,859623
633,836846
634,814140
635,791502
636,768934
637,746435
638,724004
639,701642
640,679347
641,657120
642,634960
643,612867
644,590841
645,568881
646,546988
647,525160
648,503397
649,481700
650,460067
651,438500
652,416996
653,395557
654,374181
655,352868
656,331619
657,310433
658,289309
659,268248
660,247249
661,226311
662,205435
663,184620
664,163867
665,143173
666,122541
667,101968
668,81456
669,61003
670,40609
671,20275
672,0
