Time,Threshold
0,500000026
1,455636061
2,418401359
3,386705228
4,359397443
5,335625639
6,314744813
7,296257808
8,279775293
9,264988013
10,251647242
11,239550622
12,228531862
13,218453039
14,209198815
15,200671963
16,192789972
17,185482348
18,178688524
19,172356151
20,166439756
21,160899652
22,155701053
23,150813323
24,146209386
25,141865225
26,137759452
27,133872975
28,130188679
29,126691186
30,123366639
31,120202524
32,117187499
33,114311269
34,111564465
35,108938546
36,106425701
37,104018782
38,101711228
39,99497012
40,97370582
41,95326819
42,93360994
43,91468733
44,89645982
45,87888981
46,86194234
47,84558490
48,82978722
49,81452103
50,79975997
51,78547936
52,77165614
53,75826867
54,74529666
55,73272106
56,72052400
57,70868862
58,69719908
59,68604042
60,67519857
61,66466022
62,65441280
63,64444443
64,63474386
65,62530044
66,61610409
67,60714523
68,59841478
69,58990411
70,58160504
71,57350975
72,56561084
73,55790126
74,55037426
75,54302345
76,53584271
77,52882620
78,52196835
79,51526385
80,50870759
81,50229473
82,49602061
83,48988077
84,48387095
85,47798707
86,47222519
87,46658158
88,46105262
89,45563485
90,45032496
91,44511976
92,44001617
93,43501126
94,43010218
95,42528621
96,42056074
97,41592321
98,41137122
99,40690242
100,40251453
101,39820539
102,39397289
103,38981501
104,38572980
105,38171535
106,37776985
107,37389155
108,37007873
109,36632975
110,36264302
111,35901701
112,35545023
113,35194123
114,34848862
115,34509106
116,34174724
117,33845590
118,33521580
119,33202577
120,32888464
121,32579131
122,32274469
123,31974373
124,31678741
125,31387475
126,31100477
127,30817656
128,30538921
129,30264184
130,29993358
131,29726363
132,29463116
133,29203539
134,28947556
135,28695094
136,28446079
137,28200442
138,27958114
139,27719030
140,27483123
141,27250333
142,27020596
143,26793853
144,26570047
145,26349121
146,26131019
147,25915687
148,25703073
149,25493126
150,25285796
151,25081035
152,24878795
153,24679029
154,24481693
155,24286742
156,24094134
157,23903827
158,23715779
159,23529951
160,23346303
161,23164797
162,22985397
163,22808065
164,22632766
165,22459466
166,22288130
167,22118725
168,21951219
169,21785579
170,21621776
171,21459778
172,21299556
173,21141081
174,20984324
175,20829258
176,20675855
177,20524089
178,20373934
179,20225364
180,20078354
181,19932880
182,19788917
183,19646444
184,19505435
185,19365870
186,19227725
187,19090980
188,18955613
189,18821603
190,18688931
191,18557575
192,18427518
193,18298739
194,18171219
195,18044941
196,17919887
197,17796038
198,17673377
199,17551888
200,17431553
201,17312357
202,17194282
203,17077315
204,16961437
205,16846636
206,16732895
207,16620201
208,16508538
209,16397893
210,16288252
211,16179601
212,16071927
213,15965217
214,15859457
215,15754636
216,15650741
217,15547759
218,15445679
219,15344488
220,15244176
221,15144731
222,15046141
223,14948396
224,14851485
225,14755396
226,14660121
227,14565648
228,14471968
229,14379070
230,14286945
231,14195583
232,14104975
233,14015111
234,13925982
235,13837579
236,13749894
237,13662918
238,13576642
239,13491057
240,13406156
241,13321931
242,13238372
243,13155473
244,13073226
245,12991622
246,12910655
247,12830317
248,12750601
249,12671499
250,12593005
251,12515111
252,12437810
253,12361097
254,12284964
255,12209404
256,12134411
257,12059980
258,11986103
259,11912774
260,11839987
261,11767737
262,11696017
263,11624822
264,11554145
265,11483982
266,11414326
267,11345173
268,11276516
269,11208351
270,11140671
271,11073473
272,11006750
273,10940499
274,10874713
275,10809388
276,10744519
277,10680101
278,10616130
279,10552601
280,10489510
281,10426852
282,10364622
283,10302816
284,10241430
285,10180459
286,10119900
287,10059748
288,10000000
289,9940650
290,9881695
291,9823132
292,9764955
293,9707163
294,9649749
295,9592712
296,9536047
297,9479751
298,9423820
299,9368250
300,9313038
301,9258181
302,9203674
303,9149516
304,9095702
305,9042230
306,8989095
307,8936295
308,8883826
309,8831687
310,8779872
311,8728380
312,8677207
313,8626351
314,8575808
315,8525576
316,8475652
317,8426032
318,8376715
319,8327697
320,8278976
321,8230549
322,8182413
323,8134566
324,8087005
325,8039727
326,7992731
327,7946013
328,7899571
329,7853403
330,7807506
331,7761878
332,7716516
333,7671418
334,7626583
335,7582007
336,7537688
337,7493624
338,7449814
339,7406254
340,7362942
341,7319878
342,7277057
343,7234479
344,7192141
345,7150041
346,7108178
347,7066548
348,7025151
349,6983985
350,6943047
351,6902335
352,6861848
353,6821584
354,6781540
355,6741716
356,6702109
357,6662718
358,6623541
359,6584575
360,6545820
361,6507274
362,6468935
363,6430801
364,6392871
365,6355142
366,6317615
367,6280286
368,6243154
369,6206218
370,6169476
371,6132927
372,6096569
373,6060401
374,6024421
375,5988627
376,5953019
377,5917595
378,5882353
379,5847292
380,5812410
381,5777707
382,5743181
383,5708830
384,5674653
385,5640649
386,5606817
387,5573155
388,5539662
389,5506336
390,5473177
391,5440183
392,5407354
393,5374687
394,5342181
395,5309836
396,5277650
397,5245622
398,5213751
399,5182035
400,5150474
401,5119067
402,5087812
403,5056708
404,5025754
405,4994949
406,4964292
407,4933782
408,4903417
409,4873198
410,4843122
411,4813189
412,4783398
413,4753747
414,4724236
415,4694864
416,4665630
417,4636532
418,4607570
419,4578743
420,4550050
421,4521490
422,4493062
423,4464766
424,4436599
425,4408562
426,4380654
427,4352873
428,4325218
429,4297690
430,4270287
431,4243007
432,4215851
433,4188818
434,4161906
435,4135115
436,4108444
437,4081892
438,4055459
439,4029143
440,4002944
441,3976862
442,3950894
443,3925041
444,3899302
445,3873676
446,3848162
447,3822760
448,3797468
449,3772287
450,3747215
451,3722251
452,3697396
453,3672648
454,3648006
455,3623471
456,3599040
457,3574714
458,3550492
459,3526373
460,3502357
461,3478442
462,3454629
463,3430916
464,3407304
465,3383790
466,3360376
467,3337059
468,3313840
469,3290718
470,3267692
471,3244761
472,3221926
473,3199185
474,3176538
475,3153985
476,3131524
477,3109155
478,3086878
479,3064692
480,3042596
481,3020590
482,2998674
483,2976847
484,2955107
485,2933456
486,2911892
487,2890414
488,2869023
489,2847717
490,2826496
491,2805360
492,2784309
493,2763341
494,2742455
495,2721653
496,2700933
497,2680294
498,2659737
499,2639260
500,2618864
501,2598547
502,2578310
503,2558151
504,2538071
505,2518069
506,2498144
507,2478296
508,2458525
509,2438830
510,2419210
511,2399666
512,2380197
513,2360802
514,2341481
515,2322233
516,2303059
517,2283957
518,2264928
519,2245970
520,2227084
521,2208269
522,2189525
523,2170851
524,2152247
525,2133712
526,2115247
527,2096850
528,2078522
529,2060261
530,2042068
531,2023943
532,2005884
533,1987891
534,1969965
535,1952104
536,1934309
537,1916579
538,1898913
539,1881312
540,1863775
541,1846301
542,1828891
543,1811543
544,1794258
545,1777036
546,1759875
547,1742775
548,1725737
549,1708760
550,1691844
551,1674988
552,1658191
553,1641455
554,1624777
555,1608159
556,1591599
557,1575098
558,1558654
559,1542269
560,1525941
561,1509670
562,1493456
563,1477298
564,1461197
565,1445152
566,1429162
567,1413228
568,1397348
569,1381524
570,1365754
571,1350039
572,1334377
573,1318769
574,1303214
575,1287713
576,1272264
577,1256869
578,1241525
579,1226233
580,1210994
581,1195805
582,1180668
583,1165582
584,1150547
585,1135563
586,1120628
587,1105744
588,1090909
589,1076124
590,1061388
591,1046701
592,1032063
593,1017473
594,1002932
595,988438
596,973993
597,959595
598,945244
599,930940
600,916684
601,902473
602,888310
603,874192
604,860121
605,846095
606,832114
607,818179
608,804289
609,790444
610,776644
611,762888
612,749176
613,735508
614,721884
615,708303
616,694766
617,681272
618,667821
619,654412
620,641047
621,627723
622,614442
623,601202
624,588005
625,574848
626,561734
627,548660
628,535627
629,522635
630,509684
631,496773
632,483902
633,471071
634,458280
635,445529
636,432817
637,420144
638,407511
639,394916
640,382360
641,369843
642,357364
643,344923
644,332520
645,320155
646,307828
647,295538
648,283286
649,271071
650,258892
651,246751
652,234646
653,222578
654,210546
655,198550
656,186590
657,174666
658,162778
659,150925
660,139108
661,127326
662,115578
663,103866
664,92188
665,80545
666,68937
667,57363
668,45822
669,34316
670,22844
671,11405
672,0
