Time,Threshold
0,1000000000
1,997037038
2,994100296
3,991189429
4,988304096
5,985443960
6,982608697
7,979797981
8,977011496
9,974248928
10,971509972
11,968794328
12,966101697
13,963431787
14,960784315
15,958158997
16,955555557
17,952973721
18,950413224
19,947873801
20,945355193
21,942857143
22,940379404
23,937921728
24,935483872
25,933065598
26,930666667
27,928286854
28,925925927
29,923583664
30,921259843
31,918954249
32,916666668
33,914396889
34,912144703
35,909909911
36,907692309
37,905491700
38,903307888
39,901140685
40,898989900
41,896855347
42,894736842
43,892634208
44,890547265
45,888475838
46,886419755
47,884378844
48,882352942
49,880341882
50,878345500
51,876363637
52,874396136
53,872442841
54,870503599
55,868578256
56,866666667
57,864768684
58,862884162
59,861012957
60,859154930
61,857309942
62,855477857
63,853658537
64,851851852
65,850057671
66,848275863
67,846506302
68,844748859
69,843003414
70,841269842
71,839548024
72,837837838
73,836139170
74,834451903
75,832775921
76,831111112
77,829457365
78,827814570
79,826182619
80,824561404
81,822950820
82,821350763
83,819761130
84,818181818
85,816612730
86,815053764
87,813504824
88,811965813
89,810436635
90,808917198
91,807407408
92,805907174
93,804416404
94,802935011
95,801462906
96,800000001
97,798546210
98,797101450
99,795665635
100,794238684
101,792820513
102,791411043
103,790010194
104,788617887
105,787234043
106,785858586
107,784491441
108,783132531
109,781781783
110,780439122
111,779104478
112,777777779
113,776458953
114,775147929
115,773844642
116,772549020
117,771260998
118,769980507
119,768707484
120,767441861
121,766183576
122,764932563
123,763688761
124,762452108
125,761222541
126,760000000
127,758784426
128,757575758
129,756373938
130,755178909
131,753990611
132,752808989
133,751633988
134,750465550
135,749303621
136,748148149
137,746999077
138,745856354
139,744719927
140,743589744
141,742465754
142,741347906
143,740236149
144,739130435
145,738030714
146,736936938
147,735849057
148,734767025
149,733690796
150,732620322
151,731555556
152,730496454
153,729442971
154,728395062
155,727352683
156,726315790
157,725284340
158,724258290
159,723237599
160,722222222
161,721212122
162,720207254
163,719207580
164,718213059
165,717223651
166,716239317
167,715260018
168,714285714
169,713316370
170,712351946
171,711392406
172,710437711
173,709487826
174,708542714
175,707602340
176,706666667
177,705735661
178,704809287
179,703887511
180,702970298
181,702057613
182,701149426
183,700245701
184,699346406
185,698451508
186,697560976
187,696674777
188,695792881
189,694915254
190,694041868
191,693172691
192,692307693
193,691446843
194,690590112
195,689737470
196,688888889
197,688044339
198,687203792
199,686367219
200,685534592
201,684705883
202,683881064
203,683060110
204,682242991
205,681429682
206,680620155
207,679814385
208,679012346
209,678214011
210,677419355
211,676628353
212,675840979
213,675057209
214,674277017
215,673500380
216,672727273
217,671957672
218,671191554
219,670428894
220,669669670
221,668913858
222,668161435
223,667412379
224,666666667
225,665924276
226,665185186
227,664449372
228,663716814
229,662987491
230,662261381
231,661538462
232,660818714
233,660102115
234,659388647
235,658678287
236,657971015
237,657266811
238,656565657
239,655867531
240,655172414
241,654480287
242,653791130
243,653104925
244,652421652
245,651741294
246,651063830
247,650389243
248,649717514
249,649048626
250,648382560
251,647719299
252,647058823
253,646401118
254,645746165
255,645093946
256,644444445
257,643797644
258,643153527
259,642512078
260,641873279
261,641237113
262,640603567
263,639972622
264,639344263
265,638718473
266,638095238
267,637474542
268,636856369
269,636240703
270,635627530
271,635016835
272,634408602
273,633802817
274,633199465
275,632598530
276,632000000
277,631403859
278,630810093
279,630218688
280,629629630
281,629042905
282,628458498
283,627876397
284,627296588
285,626719057
286,626143791
287,625570776
288,625000000
289,624431449
290,623865110
291,623300971
292,622739018
293,622179239
294,621621621
295,621066153
296,620512821
297,619961612
298,619412516
299,618865519
300,618320611
301,617777778
302,617237009
303,616698292
304,616161616
305,615626969
306,615094340
307,614563716
308,614035088
309,613508443
310,612983770
311,612461059
312,611940298
313,611421477
314,610904585
315,610389610
316,609876543
317,609365373
318,608856089
319,608348680
320,607843137
321,607339449
322,606837607
323,606337599
324,605839416
325,605343048
326,604848485
327,604355717
328,603864734
329,603375527
330,602888087
331,602402402
332,601918465
333,601436266
334,600955794
335,600477042
336,600000000
337,599524658
338,599051008
339,598579041
340,598108747
341,597640118
342,597173145
343,596707819
344,596244131
345,595782074
346,595321637
347,594862814
348,594405594
349,593949971
350,593495935
351,593043478
352,592592593
353,592143270
354,591695502
355,591249280
356,590804598
357,590361446
358,589919817
359,589479703
360,589041096
361,588603989
362,588168373
363,587734242
364,587301587
365,586870402
366,586440678
367,586012408
368,585585585
369,585160202
370,584736251
371,584313725
372,583892617
373,583472920
374,583054626
375,582637729
376,582222222
377,581808098
378,581395349
379,580983969
380,580573951
381,580165289
382,579757976
383,579352004
384,578947368
385,578544061
386,578142076
387,577741407
388,577342048
389,576943991
390,576547231
391,576151761
392,575757576
393,575364668
394,574973031
395,574582660
396,574193548
397,573805690
398,573419078
399,573033708
400,572649572
401,572266666
402,571884984
403,571504519
404,571125265
405,570747218
406,570370370
407,569994717
408,569620253
409,569246972
410,568874868
411,568503937
412,568134172
413,567765567
414,567398119
415,567031820
416,566666666
417,566302652
418,565939771
419,565578020
420,565217391
421,564857881
422,564499484
423,564142195
424,563786008
425,563430919
426,563076923
427,562724014
428,562372188
429,562021439
430,561671763
431,561323155
432,560975610
433,560629122
434,560283688
435,559939302
436,559595959
437,559253656
438,558912386
439,558572147
440,558232931
441,557894736
442,557557557
443,557221389
444,556886227
445,556552068
446,556218905
447,555886736
448,555555555
449,555225359
450,554896142
451,554567901
452,554240631
453,553914328
454,553588987
455,553264604
456,552941176
457,552618698
458,552297165
459,551976574
460,551656920
461,551338199
462,551020408
463,550703542
464,550387597
465,550072569
466,549758454
467,549445248
468,549132948
469,548821549
470,548511047
471,548201438
472,547892720
473,547584887
474,547277937
475,546971864
476,546666666
477,546362339
478,546058879
479,545756282
480,545454545
481,545153664
482,544853635
483,544554455
484,544256120
485,543958627
486,543661971
487,543366151
488,543071161
489,542776998
490,542483660
491,542191142
492,541899441
493,541608554
494,541318477
495,541029207
496,540740740
497,540453074
498,540166205
499,539880129
500,539594843
501,539310344
502,539026630
503,538743695
504,538461538
505,538180155
506,537899543
507,537619699
508,537340619
509,537062301
510,536784741
511,536507936
512,536231884
513,535956580
514,535682023
515,535408209
516,535135135
517,534862798
518,534591195
519,534320323
520,534050179
521,533780760
522,533512064
523,533244087
524,532976827
525,532710280
526,532444444
527,532179316
528,531914893
529,531651173
530,531388152
531,531125827
532,530864197
533,530603258
534,530343007
535,530083443
536,529824561
537,529566360
538,529308836
539,529051987
540,528795811
541,528540305
542,528285465
543,528031290
544,527777777
545,527524924
546,527272727
547,527021184
548,526770293
549,526520051
550,526270456
551,526021505
552,525773195
553,525525525
554,525278491
555,525032092
556,524786324
557,524541186
558,524296675
559,524052788
560,523809523
561,523566878
562,523324851
563,523083439
564,522842639
565,522602450
566,522362869
567,522123893
568,521885521
569,521647751
570,521410579
571,521174004
572,520938023
573,520702634
574,520467836
575,520233625
576,519999999
577,519766957
578,519534497
579,519302615
580,519071310
581,518840579
582,518610421
583,518380834
584,518151815
585,517923362
586,517695473
587,517468146
588,517241379
589,517015170
590,516789516
591,516564417
592,516339869
593,516115870
594,515892420
595,515669515
596,515447154
597,515225334
598,515004055
599,514783313
600,514563106
601,514343434
602,514124293
603,513905683
604,513687600
605,513470044
606,513253011
607,513036502
608,512820512
609,512605041
610,512390087
611,512175648
612,511961722
613,511748307
614,511535401
615,511323003
616,511111111
617,510899722
618,510688835
619,510478449
620,510268562
621,510059171
622,509850275
623,509641873
624,509433962
625,509226540
626,509019607
627,508813160
628,508607198
629,508401719
630,508196721
631,507992202
632,507788161
633,507584597
634,507381507
635,507178890
636,506976744
637,506775067
638,506573859
639,506373116
640,506172839
641,505973024
642,505773671
643,505574778
644,505376343
645,505178365
646,504980842
647,504783773
648,504587155
649,504390988
650,504195270
651,503999999
652,503805174
653,503610794
654,503416856
655,503223359
656,503030302
657,502837684
658,502645502
659,502453756
660,502262443
661,502071562
662,501881113
663,501691093
664,501501501
665,501312335
666,501123595
667,500935278
668,500747383
669,500559910
670,500372855
671,500186219
672,499999999
