Time,Threshold
0,500000080
1,341823819
2,259488839
3,208997250
4,174869164
5,150259101
6,131672630
7,117139365
8,105463816
9,95878546
10,87868351
11,81074471
12,75239418
13,70173586
14,65734281
15,61812039
16,58321494
17,55195091
18,52378676
19,49828322
20,47508027
21,45388004
22,43443400
23,41653305
24,40000010
25,38468408
26,37045541
27,35720228
28,34482767
29,33324704
30,32238633
31,31218046
32,30257193
33,29350978
34,28494870
35,27684825
36,26917223
37,26188813
38,25496668
39,24838146
40,24210854
41,23612624
42,23041480
43,22495624
44,21973413
45,21473343
46,20994035
47,20534223
48,20092740
49,19668513
50,19260548
51,18867929
52,18489805
53,18125388
54,17773947
55,17434800
56,17107313
57,16790896
58,16484995
59,16189096
60,15902716
61,15625403
62,15356733
63,15096307
64,14843753
65,14598719
66,14360873
67,14129905
68,13905519
69,13687439
70,13475403
71,13269162
72,13068482
73,12873141
74,12682930
75,12497648
76,12317106
77,12141125
78,11969535
79,11802172
80,11638883
81,11479520
82,11323944
83,11172021
84,11023624
85,10878632
86,10736929
87,10598404
88,10462952
89,10330471
90,10200864
91,10074040
92,9949909
93,9828387
94,9709392
95,9592846
96,9478675
97,9366806
98,9257171
99,9149703
100,9044338
101,8941016
102,8839678
103,8740267
104,8642729
105,8547010
106,8453062
107,8360835
108,8270281
109,8181358
110,8094019
111,8008224
112,7923932
113,7841104
114,7759701
115,7679688
116,7601030
117,7523691
118,7447639
119,7372843
120,7299272
121,7226894
122,7155683
123,7085609
124,7016647
125,6948769
126,6881949
127,6816165
128,6751391
129,6687605
130,6624784
131,6562907
132,6501952
133,6441899
134,6382728
135,6324419
136,6266955
137,6210316
138,6154486
139,6099446
140,6045181
141,5991674
142,5938909
143,5886871
144,5835545
145,5784916
146,5734971
147,5685696
148,5637077
149,5589101
150,5541755
151,5495028
152,5448907
153,5403380
154,5358437
155,5314065
156,5270255
157,5226995
158,5184275
159,5142085
160,5100415
161,5059257
162,5018599
163,4978434
164,4938753
165,4899546
166,4860805
167,4822523
168,4784690
169,4747299
170,4710343
171,4673814
172,4637704
173,4602006
174,4566713
175,4531819
176,4497317
177,4463200
178,4429461
179,4396095
180,4363095
181,4330456
182,4298171
183,4266235
184,4234642
185,4203386
186,4172462
187,4141866
188,4111591
189,4081633
190,4051987
191,4022648
192,3993611
193,3964871
194,3936425
195,3908267
196,3880393
197,3852799
198,3825481
199,3798435
200,3771656
201,3745140
202,3718885
203,3692885
204,3667137
205,3641638
206,3616385
207,3591372
208,3566598
209,3542058
210,3517749
211,3493669
212,3469813
213,3446179
214,3422764
215,3399565
216,3376578
217,3353801
218,3331230
219,3308864
220,3286700
221,3264733
222,3242963
223,3221386
224,3200001
225,3178803
226,3157791
227,3136962
228,3116315
229,3095846
230,3075553
231,3055435
232,3035488
233,3015711
234,2996101
235,2976657
236,2957376
237,2938257
238,2919296
239,2900493
240,2881845
241,2863350
242,2845007
243,2826814
244,2808768
245,2790868
246,2773113
247,2755500
248,2738028
249,2720695
250,2703500
251,2686440
252,2669515
253,2652722
254,2636060
255,2619528
256,2603124
257,2586847
258,2570694
259,2554666
260,2538760
261,2522974
262,2507308
263,2491760
264,2476330
265,2461014
266,2445813
267,2430725
268,2415748
269,2400882
270,2386125
271,2371476
272,2356934
273,2342498
274,2328166
275,2313938
276,2299812
277,2285787
278,2271863
279,2258037
280,2244309
281,2230679
282,2217144
283,2203704
284,2190358
285,2177105
286,2163944
287,2150874
288,2137894
289,2125004
290,2112201
291,2099486
292,2086857
293,2074314
294,2061856
295,2049481
296,2037190
297,2024980
298,2012852
299,2000805
300,1988837
301,1976948
302,1965138
303,1953404
304,1941748
305,1930167
306,1918662
307,1907230
308,1895873
309,1884589
310,1873377
311,1862236
312,1851166
313,1840167
314,1829237
315,1818376
316,1807584
317,1796859
318,1786201
319,1775609
320,1765084
321,1754623
322,1744227
323,1733895
324,1723626
325,1713420
326,1703276
327,1693194
328,1683172
329,1673212
330,1663311
331,1653470
332,1643687
333,1633963
334,1624297
335,1614689
336,1605137
337,1595641
338,1586201
339,1576817
340,1567487
341,1558212
342,1548990
343,1539823
344,1530708
345,1521645
346,1512635
347,1503676
348,1494768
349,1485912
350,1477105
351,1468348
352,1459641
353,1450983
354,1442373
355,1433812
356,1425298
357,1416832
358,1408413
359,1400040
360,1391714
361,1383434
362,1375199
363,1367009
364,1358864
365,1350763
366,1342706
367,1334693
368,1326723
369,1318796
370,1310912
371,1303070
372,1295270
373,1287511
374,1279794
375,1272118
376,1264482
377,1256886
378,1249331
379,1241815
380,1234338
381,1226901
382,1219502
383,1212142
384,1204819
385,1197535
386,1190288
387,1183078
388,1175906
389,1168770
390,1161670
391,1154606
392,1147579
393,1140587
394,1133630
395,1126708
396,1119821
397,1112968
398,1106150
399,1099366
400,1092615
401,1085898
402,1079214
403,1072564
404,1065945
405,1059360
406,1052807
407,1046285
408,1039796
409,1033338
410,1026911
411,1020516
412,1014151
413,1007817
414,1001514
415,995241
416,988997
417,982784
418,976600
419,970446
420,964320
421,958224
422,952156
423,946117
424,940106
425,934123
426,928169
427,922242
428,916342
429,910470
430,904626
431,898808
432,893017
433,887252
434,881514
435,875802
436,870117
437,864457
438,858823
439,853214
440,847631
441,842073
442,836540
443,831032
444,825549
445,820090
446,814655
447,809245
448,803858
449,798496
450,793157
451,787842
452,782550
453,777282
454,772037
455,766814
456,761615
457,756438
458,751283
459,746151
460,741041
461,735953
462,730887
463,725843
464,720821
465,715820
466,710840
467,705881
468,700944
469,696028
470,691132
471,686257
472,681403
473,676569
474,671756
475,666962
476,662189
477,657436
478,652702
479,647988
480,643294
481,638619
482,633963
483,629327
484,624709
485,620111
486,615531
487,610970
488,606428
489,601904
490,597399
491,592912
492,588443
493,583992
494,579559
495,575144
496,570747
497,566367
498,562005
499,557660
500,553332
501,549022
502,544729
503,540452
504,536193
505,531950
506,527725
507,523515
508,519322
509,515146
510,510986
511,506842
512,502715
513,498603
514,494507
515,490427
516,486363
517,482314
518,478282
519,474264
520,470262
521,466275
522,462304
523,458347
524,454406
525,450479
526,446568
527,442671
528,438789
529,434921
530,431068
531,427230
532,423406
533,419596
534,415800
535,412019
536,408251
537,404498
538,400758
539,397033
540,393321
541,389622
542,385937
543,382266
544,378608
545,374964
546,371333
547,367715
548,364110
549,360519
550,356940
551,353374
552,349821
553,346281
554,342754
555,339239
556,335737
557,332248
558,328771
559,325306
560,321854
561,318414
562,314986
563,311570
564,308166
565,304775
566,301395
567,298027
568,294671
569,291326
570,287994
571,284673
572,281363
573,278066
574,274779
575,271504
576,268240
577,264988
578,261746
579,258516
580,255297
581,252089
582,248892
583,245706
584,242531
585,239367
586,236213
587,233070
588,229938
589,226816
590,223705
591,220604
592,217514
593,214434
594,211365
595,208306
596,205257
597,202218
598,199189
599,196170
600,193162
601,190163
602,187175
603,184196
604,181227
605,178268
606,175318
607,172378
608,169448
609,166528
610,163617
611,160715
612,157823
613,154940
614,152067
615,149203
616,146348
617,143503
618,140667
619,137839
620,135021
621,132212
622,129412
623,126621
624,123839
625,121065
626,118301
627,115545
628,112798
629,110060
630,107330
631,104610
632,101897
633,99193
634,96498
635,93811
636,91133
637,88462
638,85801
639,83147
640,80502
641,77865
642,75236
643,72616
644,70003
645,67399
646,64802
647,62214
648,59634
649,57061
650,54496
651,51940
652,49391
653,46850
654,44316
655,41790
656,39272
657,36762
658,34259
659,31764
660,29276
661,26796
662,24323
663,21858
664,19400
665,16950
666,14507
667,12071
668,9642
669,7221
670,4807
671,2400
672,0
