Time,Threshold
0,500000000
1,499255953
2,498511905
3,497767858
4,497023810
5,496279762
6,495535715
7,494791667
8,494047620
9,493303572
10,492559524
11,491815477
12,491071429
13,490327381
14,489583334
15,488839286
16,488095239
17,487351191
18,486607143
19,485863096
20,485119048
21,484375000
22,483630953
23,482886905
24,482142858
25,481398810
26,480654762
27,479910715
28,479166667
29,478422620
30,477678572
31,476934524
32,476190477
33,475446429
34,474702381
35,473958334
36,473214286
37,472470239
38,471726191
39,470982143
40,470238096
41,469494048
42,468750000
43,468005953
44,467261905
45,466517858
46,465773810
47,465029762
48,464285715
49,463541667
50,462797620
51,462053572
52,461309524
53,460565477
54,459821429
55,459077381
56,458333334
57,457589286
58,456845239
59,456101191
60,455357143
61,454613096
62,453869048
63,453125000
64,452380953
65,451636905
66,450892858
67,450148810
68,449404762
69,448660715
70,447916667
71,447172620
72,446428572
73,445684524
74,444940477
75,444196429
76,443452381
77,442708334
78,441964286
79,441220239
80,440476191
81,439732143
82,438988096
83,438244048
84,437500000
85,436755953
86,436011905
87,435267858
88,434523810
89,433779762
90,433035715
91,432291667
92,431547620
93,430803572
94,430059524
95,429315477
96,428571429
97,427827381
98,427083334
99,426339286
100,425595239
101,424851191
102,424107143
103,423363096
104,422619048
105,421875000
106,421130953
107,420386905
108,419642858
109,418898810
110,418154762
111,417410715
112,416666667
113,415922620
114,415178572
115,414434524
116,413690477
117,412946429
118,412202381
119,411458334
120,410714286
121,409970239
122,409226191
123,408482143
124,407738096
125,406994048
126,406250000
127,405505953
128,404761905
129,404017858
130,403273810
131,402529762
132,401785715
133,401041667
134,400297620
135,399553572
136,398809524
137,398065477
138,397321429
139,396577381
140,395833334
141,395089286
142,394345239
143,393601191
144,392857143
145,392113096
146,391369048
147,390625000
148,389880953
149,389136905
150,388392858
151,387648810
152,386904762
153,386160715
154,385416667
155,384672620
156,383928572
157,383184524
158,382440477
159,381696429
160,380952381
161,380208334
162,379464286
163,378720239
164,377976191
165,377232143
166,376488096
167,375744048
168,375000000
169,374255953
170,373511905
171,372767858
172,372023810
173,371279762
174,370535715
175,369791667
176,369047620
177,368303572
178,367559524
179,366815477
180,366071429
181,365327381
182,364583334
183,363839286
184,363095239
185,362351191
186,361607143
187,360863096
188,360119048
189,359375000
190,358630953
191,357886905
192,357142858
193,356398810
194,355654762
195,354910715
196,354166667
197,353422620
198,352678572
199,351934524
200,351190477
201,350446429
202,349702381
203,348958334
204,348214286
205,347470239
206,346726191
207,345982143
208,345238096
209,344494048
210,343750000
211,343005953
212,342261905
213,341517858
214,340773810
215,340029762
216,339285715
217,338541667
218,337797620
219,337053572
220,336309524
221,335565477
222,334821429
223,334077381
224,333333334
225,332589286
226,331845239
227,331101191
228,330357143
229,329613096
230,328869048
231,328125000
232,327380953
233,326636905
234,325892858
235,325148810
236,324404762
237,323660715
238,322916667
239,322172620
240,321428572
241,320684524
242,319940477
243,319196429
244,318452381
245,317708334
246,316964286
247,316220239
248,315476191
249,314732143
250,313988096
251,313244048
252,312500000
253,311755953
254,311011905
255,310267858
256,309523810
257,308779762
258,308035715
259,307291667
260,306547620
261,305803572
262,305059524
263,304315477
264,303571429
265,302827381
266,302083334
267,301339286
268,300595239
269,299851191
270,299107143
271,298363096
272,297619048
273,296875000
274,296130953
275,295386905
276,294642858
277,293898810
278,293154762
279,292410715
280,291666667
281,290922620
282,290178572
283,289434524
284,288690477
285,287946429
286,287202381
287,286458334
288,285714286
289,284970239
290,284226191
291,283482143
292,282738096
293,281994048
294,281250000
295,280505953
296,279761905
297,279017858
298,278273810
299,277529762
300,276785715
301,276041667
302,275297620
303,274553572
304,273809524
305,273065477
306,272321429
307,271577381
308,270833334
309,270089286
310,269345239
311,268601191
312,267857143
313,267113096
314,266369048
315,265625000
316,264880953
317,264136905
318,263392858
319,262648810
320,261904762
321,261160715
322,260416667
323,259672620
324,258928572
325,258184524
326,257440477
327,256696429
328,255952381
329,255208334
330,254464286
331,253720239
332,252976191
333,252232143
334,251488096
335,250744048
336,250000000
337,249255953
338,248511905
339,247767858
340,247023810
341,246279762
342,245535715
343,244791667
344,244047620
345,243303572
346,242559524
347,241815477
348,241071429
349,240327381
350,239583334
351,238839286
352,238095239
353,237351191
354,236607143
355,235863096
356,235119048
357,234375000
358,233630953
359,232886905
360,232142858
361,231398810
362,230654762
363,229910715
364,229166667
365,228422620
366,227678572
367,226934524
368,226190477
369,225446429
370,224702381
371,223958334
372,223214286
373,222470239
374,221726191
375,220982143
376,220238096
377,219494048
378,218750000
379,218005953
380,217261905
381,216517858
382,215773810
383,215029762
384,214285715
385,213541667
386,212797620
387,212053572
388,211309524
389,210565477
390,209821429
391,209077381
392,208333334
393,207589286
394,206845239
395,206101191
396,205357143
397,204613096
398,203869048
399,203125000
400,202380953
401,201636905
402,200892858
403,200148810
404,199404762
405,198660715
406,197916667
407,197172620
408,196428572
409,195684524
410,194940477
411,194196429
412,193452381
413,192708334
414,191964286
415,191220239
416,190476191
417,189732143
418,188988096
419,188244048
420,187500000
421,186755953
422,186011905
423,185267858
424,184523810
425,183779762
426,183035715
427,182291667
428,181547620
429,180803572
430,180059524
431,179315477
432,178571429
433,177827381
434,177083334
435,176339286
436,175595239
437,174851191
438,174107143
439,173363096
440,172619048
441,171875000
442,171130953
443,170386905
444,169642858
445,168898810
446,168154762
447,167410715
448,166666667
449,165922620
450,165178572
451,164434524
452,163690477
453,162946429
454,162202381
455,161458334
456,160714286
457,159970239
458,159226191
459,158482143
460,157738096
461,156994048
462,156250000
463,155505953
464,154761905
465,154017858
466,153273810
467,152529762
468,151785715
469,151041667
470,150297620
471,149553572
472,148809524
473,148065477
474,147321429
475,146577381
476,145833334
477,145089286
478,144345239
479,143601191
480,142857143
481,142113096
482,141369048
483,140625000
484,139880953
485,139136905
486,138392858
487,137648810
488,136904762
489,136160715
490,135416667
491,134672620
492,133928572
493,133184524
494,132440477
495,131696429
496,130952381
497,130208334
498,129464286
499,128720239
500,127976191
501,127232143
502,126488096
503,125744048
504,125000000
505,124255953
506,123511905
507,122767858
508,122023810
509,121279762
510,120535715
511,119791667
512,119047620
513,118303572
514,117559524
515,116815477
516,116071429
517,115327381
518,114583334
519,113839286
520,113095239
521,112351191
522,111607143
523,110863096
524,110119048
525,109375000
526,108630953
527,107886905
528,107142858
529,106398810
530,105654762
531,104910715
532,104166667
533,103422620
534,102678572
535,101934524
536,101190477
537,100446429
538,99702381
539,98958334
540,98214286
541,97470239
542,96726191
543,95982143
544,95238096
545,94494048
546,93750000
547,93005953
548,92261905
549,91517858
550,90773810
551,90029762
552,89285715
553,88541667
554,87797620
555,87053572
556,86309524
557,85565477
558,84821429
559,84077381
560,83333334
561,82589286
562,81845239
563,81101191
564,80357143
565,79613096
566,78869048
567,78125000
568,77380953
569,76636905
570,75892858
571,75148810
572,74404762
573,73660715
574,72916667
575,72172620
576,71428572
577,70684524
578,69940477
579,69196429
580,68452381
581,67708334
582,66964286
583,66220239
584,65476191
585,64732143
586,63988096
587,63244048
588,62500000
589,61755953
590,61011905
591,60267858
592,59523810
593,58779762
594,58035715
595,57291667
596,56547620
597,55803572
598,55059524
599,54315477
600,53571429
601,52827381
602,52083334
603,51339286
604,50595239
605,49851191
606,49107143
607,48363096
608,47619048
609,46875000
610,46130953
611,45386905
612,44642858
613,43898810
614,43154762
615,42410715
616,41666667
617,40922620
618,40178572
619,39434524
620,38690477
621,37946429
622,37202381
623,36458334
624,35714286
625,34970239
626,34226191
627,33482143
628,32738096
629,31994048
630,31250000
631,30505953
632,29761905
633,29017858
634,28273810
635,27529762
636,26785715
637,26041667
638,25297620
639,24553572
640,23809524
641,23065477
642,22321429
643,21577381
644,20833334
645,20089286
646,19345239
647,18601191
648,17857143
649,17113096
650,16369048
651,15625000
652,14880953
653,14136905
654,13392858
655,12648810
656,11904762
657,11160715
658,10416667
659,9672620
660,8928572
661,8184524
662,7440477
663,6696429
664,5952381
665,5208334
666,4464286
667,3720239
668,2976191
669,2232143
670,1488096
671,744048
672,0
