Time,Threshold
0,999999999
1,997357396
2,994734815
3,992132029
4,989548816
5,986984953
6,984440228
7,981914425
8,979407334
9,976918747
10,974448461
11,971996276
12,969561991
13,967145411
14,964746346
15,962364606
16,960000002
17,957652349
18,955321468
19,953007180
20,950709307
21,948427674
22,946162112
23,943912450
24,941678522
25,939460164
26,937257211
27,935069507
28,932896892
29,930739211
30,928596309
31,926468037
32,924354246
33,922254786
34,920169512
35,918098284
36,916040958
37,913997395
38,911967455
39,909951007
40,907947914
41,905958044
42,903981266
43,902017453
44,900066477
45,898128212
46,896202534
47,894289321
48,892388454
49,890499812
50,888623278
51,886758735
52,884906070
53,883065170
54,881235922
55,879418215
56,877611943
57,875816996
58,874033269
59,872260656
60,870499055
61,868748363
62,867008478
63,865279301
64,863560734
65,861852680
66,860155042
67,858467724
68,856790633
69,855123677
70,853466765
71,851819805
72,850182706
73,848555384
74,846937749
75,845329715
76,843731196
77,842142110
78,840562372
79,838991901
80,837430613
81,835878431
82,834335274
83,832801064
84,831275722
85,829759174
86,828251342
87,826752152
88,825261530
89,823779401
90,822305695
91,820840339
92,819383263
93,817934396
94,816493670
95,815061016
96,813636367
97,812219654
98,810810814
99,809409779
100,808016486
101,806630869
102,805252867
103,803882416
104,802519455
105,801163921
106,799815756
107,798474898
108,797141290
109,795814871
110,794495583
111,793183370
112,791878176
113,790579943
114,789288615
115,788004139
116,786726461
117,785455525
118,784191278
119,782933668
120,781682644
121,780438153
122,779200144
123,777968567
124,776743372
125,775524509
126,774311929
127,773105585
128,771905427
129,770711409
130,769523483
131,768341603
132,767165723
133,765995798
134,764831781
135,763673629
136,762521298
137,761374743
138,760233921
139,759098790
140,757969306
141,756845429
142,755727116
143,754614325
144,753507017
145,752405151
146,751308686
147,750217583
148,749131804
149,748051308
150,746976058
151,745906016
152,744841143
153,743781402
154,742726757
155,741677171
156,740632606
157,739593028
158,738558402
159,737528690
160,736503859
161,735483874
162,734468701
163,733458305
164,732452653
165,731451712
166,730455448
167,729463830
168,728476824
169,727494398
170,726516522
171,725543162
172,724574288
173,723609869
174,722649875
175,721694274
176,720743037
177,719796134
178,718853535
179,717915212
180,716981135
181,716051275
182,715125604
183,714204094
184,713286716
185,712373443
186,711464248
187,710559103
188,709657981
189,708760855
190,707867699
191,706978487
192,706093193
193,705211790
194,704334253
195,703460557
196,702590676
197,701724587
198,700862262
199,700003680
200,699148814
201,698297642
202,697450138
203,696606280
204,695766044
205,694929407
206,694096344
207,693266835
208,692440857
209,691618386
210,690799399
211,689983876
212,689171795
213,688363133
214,687557869
215,686755981
216,685957449
217,685162252
218,684370368
219,683581776
220,682796458
221,682014391
222,681235556
223,680459933
224,679687502
225,678918244
226,678152139
227,677389167
228,676629309
229,675872547
230,675118862
231,674368233
232,673620645
233,672876077
234,672134512
235,671395931
236,670660315
237,669927649
238,669197914
239,668471092
240,667747166
241,667026119
242,666307933
243,665592591
244,664880077
245,664170374
246,663463466
247,662759335
248,662057965
249,661359342
250,660663447
251,659970265
252,659279781
253,658591978
254,657906842
255,657224356
256,656544505
257,655867274
258,655192648
259,654520613
260,653851152
261,653184251
262,652519896
263,651858072
264,651198765
265,650541960
266,649887643
267,649235800
268,648586417
269,647939479
270,647294974
271,646652888
272,646013207
273,645375917
274,644741005
275,644108458
276,643478263
277,642850406
278,642224875
279,641601656
280,640980738
281,640362106
282,639745749
283,639131654
284,638519808
285,637910200
286,637302817
287,636697646
288,636094677
289,635493896
290,634895291
291,634298853
292,633704567
293,633112423
294,632522409
295,631934514
296,631348726
297,630765034
298,630183427
299,629603893
300,629026422
301,628451003
302,627877624
303,627306275
304,626736945
305,626169623
306,625604299
307,625040962
308,624479602
309,623920209
310,623362771
311,622807279
312,622253723
313,621702092
314,621152377
315,620604567
316,620058653
317,619514625
318,618972473
319,618432187
320,617893758
321,617357176
322,616822432
323,616289516
324,615758419
325,615229132
326,614701645
327,614175949
328,613652036
329,613129895
330,612609519
331,612090898
332,611574023
333,611058885
334,610545477
335,610033788
336,609523811
337,609015537
338,608508957
339,608004063
340,607500846
341,606999299
342,606499412
343,606001178
344,605504589
345,605009635
346,604516310
347,604024606
348,603534513
349,603046025
350,602559133
351,602073830
352,601590108
353,601107958
354,600627375
355,600148349
356,599670874
357,599194941
358,598720544
359,598247675
360,597776326
361,597306490
362,596838161
363,596371330
364,595905991
365,595442136
366,594979758
367,594518851
368,594059407
369,593601420
370,593144881
371,592689786
372,592236126
373,591783895
374,591333086
375,590883692
376,590435708
377,589989126
378,589543939
379,589100141
380,588657726
381,588216688
382,587777019
383,587338713
384,586901764
385,586466167
386,586031913
387,585598998
388,585167415
389,584737159
390,584308222
391,583880598
392,583454283
393,583029269
394,582605551
395,582183123
396,581761979
397,581342114
398,580923521
399,580506194
400,580090128
401,579675317
402,579261756
403,578849439
404,578438360
405,578028514
406,577619895
407,577212497
408,576806315
409,576401345
410,575997580
411,575595014
412,575193643
413,574793462
414,574394465
415,573996646
416,573600001
417,573204524
418,572810211
419,572417056
420,572025053
421,571634199
422,571244487
423,570855914
424,570468473
425,570082160
426,569696971
427,569312899
428,568929941
429,568548091
430,568167345
431,567787698
432,567409145
433,567031681
434,566655303
435,566280004
436,565905780
437,565532628
438,565160541
439,564789516
440,564419549
441,564050634
442,563682767
443,563315943
444,562950159
445,562585410
446,562221691
447,561858998
448,561497327
449,561136673
450,560777032
451,560418401
452,560060774
453,559704147
454,559348516
455,558993878
456,558640227
457,558287561
458,557935873
459,557585162
460,557235422
461,556886649
462,556538840
463,556191991
464,555846097
465,555501155
466,555157160
467,554814109
468,554471998
469,554130824
470,553790581
471,553451267
472,553112877
473,552775408
474,552438856
475,552103218
476,551768489
477,551434666
478,551101746
479,550769724
480,550438597
481,550108361
482,549779014
483,549450550
484,549122967
485,548796261
486,548470429
487,548145467
488,547821371
489,547498138
490,547175766
491,546854249
492,546533585
493,546213771
494,545894803
495,545576678
496,545259392
497,544942942
498,544627325
499,544312538
500,543998577
501,543685438
502,543373120
503,543061618
504,542750930
505,542441051
506,542131980
507,541823713
508,541516246
509,541209577
510,540903702
511,540598619
512,540294324
513,539990814
514,539688087
515,539386139
516,539084968
517,538784569
518,538484941
519,538186080
520,537887984
521,537590648
522,537294072
523,536998251
524,536703183
525,536408865
526,536115294
527,535822467
528,535530381
529,535239034
530,534948423
531,534658544
532,534369396
533,534080976
534,533793280
535,533506306
536,533220051
537,532934513
538,532649689
539,532365575
540,532082171
541,531799472
542,531517477
543,531236182
544,530955585
545,530675684
546,530396476
547,530117958
548,529840127
549,529562982
550,529286519
551,529010737
552,528735632
553,528461202
554,528187445
555,527914358
556,527641939
557,527370186
558,527099095
559,526828664
560,526558891
561,526289774
562,526021311
563,525753498
564,525486333
565,525219815
566,524953941
567,524688707
568,524424114
569,524160156
570,523896834
571,523634144
572,523372083
573,523110651
574,522849844
575,522589660
576,522330097
577,522071153
578,521812825
579,521555112
580,521298011
581,521041520
582,520785637
583,520530359
584,520275685
585,520021612
586,519768139
587,519515263
588,519262981
589,519011293
590,518760195
591,518509687
592,518259765
593,518010427
594,517761672
595,517513498
596,517265903
597,517018883
598,516772438
599,516526566
600,516281264
601,516036531
602,515792364
603,515548762
604,515305723
605,515063244
606,514821324
607,514579960
608,514339152
609,514098896
610,513859192
611,513620036
612,513381428
613,513143366
614,512905847
615,512668869
616,512432432
617,512196532
618,511961169
619,511726340
620,511492043
621,511258278
622,511025041
623,510792331
624,510560146
625,510328486
626,510097346
627,509866727
628,509636626
629,509407042
630,509177972
631,508949416
632,508721371
633,508493835
634,508266807
635,508040286
636,507814269
637,507588755
638,507363742
639,507139228
640,506915213
641,506691693
642,506468669
643,506246136
644,506024096
645,505802545
646,505581482
647,505360905
648,505140813
649,504921204
650,504702077
651,504483430
652,504265261
653,504047570
654,503830353
655,503613611
656,503397340
657,503181541
658,502966210
659,502751347
660,502536950
661,502323018
662,502109549
663,501896542
664,501683994
665,501471905
666,501260273
667,501049097
668,500838375
669,500628106
670,500418287
671,500208919
672,499999999
